p1的运行结果如下：
12063
1 1 1 0 0 1 0 1 1 1 
9 8 2 10 6 9 3 8 8 2 10 6 6 3 8 1 3 9 10 8 3 8 10 10 3 6 2 6 1 6 10 6 1 1 10 10 3 6 1 3 2 6 2 3 8 1 10 1 8 1 
p2的运行结果如下：
9680
1 1 1 1 1 0 1 1 1 0 
8 9 2 7 4 9 3 5 3 2 5 9 4 3 9 1 3 1 7 8 2 5 7 8 7 7 2 7 1 4 3 7 1 3 7 8 3 4 1 5 7 9 4 7 8 1 3 1 5 1 
p3的运行结果如下：
12153
1 1 1 1 1 0 1 1 1 0 
9 9 2 7 4 9 3 5 3 7 5 5 4 3 5 1 3 1 7 8 7 8 7 8 2 7 2 7 1 4 3 7 1 3 8 8 3 4 1 5 2 9 2 7 5 1 3 1 5 1 
p4的运行结果如下：
13923
1 1 1 1 0 0 1 1 1 0 
9 9 2 7 4 9 3 4 3 2 4 4 4 3 4 1 3 1 7 8 7 8 7 8 4 7 2 7 1 4 3 7 1 3 7 8 3 4 1 8 2 9 2 7 8 1 3 1 4 1 
p5的运行结果如下：
11362
1 1 1 1 1 1 0 1 1 1 
9 1 2 6 4 9 3 5 5 2 10 1 1 3 5 6 3 9 10 8 2 8 10 8 3 6 2 2 1 6 10 6 1 3 10 8 8 1 9 5 2 1 2 6 8 1 10 1 5 9 
p6的运行结果如下：
9047
1 1 1 1 0 0 1 1 1 1 
9 9 2 7 2 9 3 8 10 2 10 9 2 3 9 4 3 1 10 8 4 9 7 8 2 7 4 2 1 2 3 7 1 4 10 8 8 4 1 10 4 9 2 7 8 2 3 1 8 1 
p7的运行结果如下：
11004
1 1 1 1 0 0 1 1 1 1 
9 9 2 7 2 9 3 10 10 2 10 9 2 3 9 4 3 1 10 8 4 9 7 8 2 7 4 2 1 2 3 7 1 4 8 8 8 4 1 10 4 9 2 7 8 2 3 1 10 1 
p8的运行结果如下：
13324
1 0 1 1 1 1 1 1 1 0 
9 9 6 7 4 9 3 5 5 4 7 9 4 3 9 8 3 1 8 8 4 9 7 5 4 7 4 6 1 6 3 7 1 8 5 5 5 4 1 5 4 9 6 7 8 6 3 1 8 1 
p9的运行结果如下：
10865
1 1 1 0 0 0 1 1 1 1 
9 9 2 10 1 9 3 8 8 2 10 9 1 3 1 3 3 9 10 8 2 8 10 10 2 2 2 2 9 7 3 7 1 3 10 10 3 1 9 3 2 9 2 2 8 1 10 1 8 9 
p10的运行结果如下：
9557
1 1 1 0 0 0 1 1 1 0 
8 8 2 7 2 9 3 8 8 2 7 9 9 3 9 1 3 1 7 8 1 8 7 8 3 7 2 2 1 2 3 7 1 3 7 8 3 2 1 8 2 9 2 7 8 1 3 1 8 1 
p11的运行结果如下：
12431
1 0 1 0 0 1 0 1 1 1 
9 9 6 8 6 9 3 8 9 6 10 9 9 3 9 1 3 1 8 8 1 9 8 8 3 6 6 6 1 6 3 6 1 3 8 9 3 6 1 8 6 9 6 6 8 1 3 1 8 1 
p12的运行结果如下：
14702
1 0 1 0 1 0 1 0 1 0 
9 9 5 7 5 9 3 5 5 7 5 9 5 3 9 1 3 1 7 9 1 9 7 5 3 7 5 7 1 7 3 7 1 3 9 9 3 5 1 5 5 9 5 7 5 1 3 1 5 1 
p13的运行结果如下：
9898
1 1 0 0 1 0 0 0 1 1 1 0 1 1 0 1 0 0 0 0 
1 2 11 11 2 13 2 14 11 5 16 5 2 10 14 13 16 11 5 10 13 16 16 14 10 2 1 9 2 9 14 11 14 1 9 11 9 5 5 14 10 1 16 1 9 13 16 11 5 10 
p14的运行结果如下：
8208
1 0 0 0 0 0 1 1 0 0 1 1 0 1 0 1 0 1 0 1 
1 12 11 11 20 20 18 14 7 18 16 20 20 11 14 12 16 11 18 7 8 16 16 14 7 18 1 18 20 18 14 8 14 1 12 11 12 20 20 14 12 1 16 1 12 8 16 11 20 12 
p15的运行结果如下：
11231
1 0 0 0 1 0 0 1 0 1 1 0 0 1 0 1 0 1 0 0 
1 18 11 11 18 8 5 14 8 5 16 5 8 11 14 8 16 11 5 10 8 16 16 14 10 5 1 5 5 18 14 8 14 1 18 11 18 18 5 14 10 1 16 1 10 8 16 11 18 10 
p16的运行结果如下：
12831
1 0 0 0 1 0 0 1 0 1 1 0 0 1 0 1 0 1 0 0 
1 18 11 11 18 8 5 14 8 5 16 5 8 11 14 8 16 11 5 10 8 16 16 14 10 5 1 5 5 18 14 8 14 1 18 11 18 18 5 14 10 1 16 1 10 8 16 11 18 10 
p17的运行结果如下：
10597
1 1 0 0 1 1 0 0 1 1 1 0 0 1 0 1 0 0 0 0 
1 2 11 11 2 5 2 16 11 5 1 5 2 10 14 9 16 11 5 10 2 16 16 14 10 2 1 2 2 5 14 11 14 1 5 11 9 9 14 14 10 1 16 1 10 6 16 11 5 10 
p18的运行结果如下：
8110
1 0 0 0 0 0 1 0 0 0 1 1 1 1 0 1 0 1 0 1 
1 12 11 11 20 20 18 14 7 18 16 20 20 11 14 12 16 11 18 7 13 16 16 14 7 18 1 18 20 18 14 1 14 1 12 11 12 20 20 14 12 1 16 1 12 14 16 11 20 12 
p19的运行结果如下：
10998
1 0 0 0 1 0 0 0 0 1 1 0 0 1 0 1 0 1 1 0 
1 10 11 11 18 19 5 14 19 18 16 5 19 11 14 19 16 11 5 10 19 16 16 14 10 5 1 5 18 18 14 1 14 1 18 11 10 18 5 14 10 1 16 1 10 14 16 11 18 10 
p20的运行结果如下：
12636
1 0 0 0 1 0 0 1 0 1 1 0 0 1 0 1 0 1 0 0 
1 10 11 11 18 8 5 16 8 18 1 5 18 11 14 18 16 11 5 10 8 16 16 14 10 5 1 5 18 18 14 8 14 1 18 11 10 18 5 14 10 1 16 1 10 14 16 11 14 10 
p21的运行结果如下：
9709
1 1 0 0 1 0 0 0 0 1 1 0 0 1 0 1 0 0 0 0 
1 2 1 11 2 16 2 16 11 5 16 5 2 10 14 11 16 11 5 10 16 16 16 14 10 2 1 2 2 5 14 16 14 1 2 11 10 2 14 14 10 1 1 1 10 14 16 10 14 10 
p22的运行结果如下：
9024
1 0 0 0 0 0 0 0 0 0 1 1 0 1 0 1 0 1 1 0 
1 12 1 11 12 19 18 16 11 18 16 19 19 11 14 12 16 11 18 11 19 16 16 14 11 18 1 18 18 18 14 16 14 1 18 11 12 14 14 14 11 1 16 1 12 19 16 11 14 12 
p23的运行结果如下：
11122
1 0 0 1 1 0 0 0 0 1 0 0 0 1 0 1 0 0 0 0 
1 4 1 4 4 14 5 16 4 5 16 5 4 10 14 4 16 4 5 10 4 16 16 14 10 5 1 5 4 5 14 16 14 1 4 1 10 14 5 14 10 1 16 1 10 14 16 10 14 10 
p24的运行结果如下：
12517
1 0 0 0 1 0 0 0 0 1 1 0 0 1 0 1 0 0 0 0 
1 10 11 11 14 16 5 16 10 5 1 5 14 11 14 10 16 11 5 10 16 16 16 14 11 5 1 5 10 5 16 1 14 1 10 11 10 14 5 14 11 1 1 1 10 16 16 11 14 10 
p25的运行结果如下：
21009
0 0 1 0 1 1 1 1 0 0 0 1 0 0 0 1 0 1 0 0 1 0 0 0 0 0 1 0 0 0 
21 6 7 3 7 6 5 6 5 12 27 21 5 21 5 8 18 18 6 12 5 5 27 5 27 21 3 12 6 27 5 6 7 6 21 21 12 16 5 18 18 21 16 7 16 12 27 21 6 21 5 5 12 6 7 21 18 5 5 21 12 6 21 6 12 8 16 18 27 27 7 7 12 8 16 8 27 21 5 16 21 8 21 18 5 18 3 5 21 5 3 16 3 8 8 16 3 7 5 7 5 3 12 8 3 6 5 8 8 8 12 5 3 12 8 27 12 16 12 6 12 5 6 21 7 5 6 27 5 27 12 5 12 27 5 21 5 6 21 18 18 21 21 18 21 5 12 6 3 6 
p26的运行结果如下：
14021
1 0 1 0 0 1 0 0 0 0 0 1 0 0 1 1 0 1 0 0 1 0 0 0 1 0 0 0 0 0 
21 12 21 3 21 6 3 25 15 1 6 21 15 21 3 15 1 18 6 12 3 12 6 3 6 21 3 25 6 6 6 12 15 12 21 21 25 16 3 15 1 15 16 3 25 15 3 21 12 21 6 15 15 1 21 21 1 6 12 1 1 25 21 12 12 12 6 1 6 6 15 21 12 18 16 21 6 21 15 6 21 18 21 1 18 1 18 12 21 6 1 16 12 12 12 6 15 15 6 15 15 18 1 12 18 12 12 12 15 15 1 3 1 12 12 6 25 16 25 25 1 15 12 21 21 12 25 12 12 21 1 12 25 21 15 21 12 12 21 18 1 21 21 15 21 12 12 1 18 25 
p27的运行结果如下：
18151
1 0 1 0 0 1 1 0 0 0 0 1 0 0 1 1 0 1 0 0 1 0 0 0 1 0 0 0 0 0 
21 12 7 3 7 6 3 25 15 1 6 21 15 21 3 15 21 18 6 12 3 12 6 3 6 21 3 25 6 6 6 12 7 12 21 21 25 16 3 15 12 15 16 7 16 15 3 21 12 15 6 3 15 1 7 21 1 6 12 21 1 25 21 12 12 12 6 1 6 6 7 7 12 18 16 21 6 21 15 6 21 12 21 18 21 18 18 21 21 6 18 16 12 12 12 6 15 7 6 7 15 12 1 12 15 12 12 12 15 15 15 15 18 12 12 6 25 16 25 25 1 15 12 21 7 21 12 21 12 15 1 12 25 15 15 21 21 12 21 18 12 21 21 15 21 12 12 25 18 25 
p28的运行结果如下：
26261
1 0 1 1 0 1 1 0 0 0 0 1 0 0 0 0 0 1 0 0 1 0 0 0 0 0 0 0 0 0 
21 1 7 3 7 6 1 6 4 12 4 21 4 21 1 4 21 18 6 12 3 1 4 1 4 21 3 12 6 4 4 6 7 6 21 21 12 4 1 21 1 21 12 7 12 21 1 21 18 21 4 3 21 6 7 21 18 1 1 21 1 6 21 1 12 18 4 1 4 4 7 7 12 18 12 4 4 21 3 4 21 1 4 18 1 18 18 1 21 6 3 6 18 1 1 4 3 7 1 7 4 1 12 12 3 6 1 1 21 21 12 3 3 12 12 4 12 12 12 6 12 4 6 21 7 4 6 4 18 4 12 4 12 4 4 21 4 6 21 18 12 4 21 21 21 6 12 6 21 6 
p29的运行结果如下：
18694
0 0 1 0 1 1 1 1 0 0 0 1 0 0 1 1 0 1 0 0 1 0 0 0 1 0 1 0 0 0 
7 8 7 3 7 6 5 25 7 12 27 21 8 21 5 8 18 18 6 18 3 5 27 5 27 21 3 25 6 27 6 8 7 6 21 21 25 16 5 18 18 15 16 7 16 15 27 21 8 15 16 5 15 6 7 21 18 5 5 15 18 6 15 8 12 8 16 18 27 27 7 7 25 8 16 21 27 21 5 16 21 8 7 18 5 18 3 5 21 6 3 16 3 8 3 16 3 7 6 7 7 3 18 8 3 6 5 8 15 8 15 3 3 18 25 27 25 16 25 6 12 7 8 21 7 5 6 27 8 27 12 5 25 27 3 15 5 6 21 18 18 21 21 18 15 6 12 6 3 25 
p30的运行结果如下：
16833
1 0 1 0 0 1 1 0 1 0 0 1 0 0 1 1 0 1 0 0 1 0 0 0 1 1 0 0 0 0 
7 12 7 3 7 6 3 25 15 26 6 7 15 21 3 15 1 18 6 12 3 12 6 3 6 21 3 25 6 6 6 1 7 12 21 21 25 16 3 15 1 9 16 3 25 15 3 21 12 21 6 3 15 26 7 21 1 6 12 9 1 25 9 12 1 12 6 1 6 6 7 7 1 18 16 21 6 21 3 6 21 18 7 1 3 18 18 12 21 25 3 16 18 12 18 16 15 15 12 7 15 18 1 12 18 1 18 12 15 15 9 15 1 12 1 12 25 16 25 25 1 15 12 21 7 18 25 16 18 7 1 25 25 7 15 9 18 25 21 18 1 21 21 15 9 25 1 26 18 25 
p31的运行结果如下：
20009
1 0 1 0 0 1 1 1 1 0 0 1 0 0 1 1 0 1 0 0 1 0 0 0 1 0 0 0 0 0 
7 1 7 3 7 6 3 25 7 8 6 21 15 21 3 15 18 18 6 12 3 1 6 3 6 21 3 25 6 6 6 12 7 12 21 21 25 16 3 15 1 15 16 7 16 15 3 21 12 9 6 3 15 25 7 21 18 6 1 9 1 25 21 1 8 12 6 1 6 6 7 7 25 18 16 21 6 21 3 6 21 1 7 18 3 18 18 1 21 16 3 16 18 1 1 16 15 7 1 7 7 1 18 12 3 25 1 12 15 15 15 15 18 12 18 12 25 16 25 25 25 7 12 21 7 12 25 16 12 12 8 12 25 1 15 9 12 18 21 18 1 15 21 15 9 12 25 25 18 25 
p32的运行结果如下：
25559
1 0 1 1 0 1 1 0 1 0 0 1 0 0 1 1 0 1 0 0 1 0 0 0 1 0 0 0 0 0 
7 1 7 3 7 6 1 16 7 12 4 21 21 21 1 15 15 18 6 18 3 1 4 1 4 21 3 25 6 4 6 18 7 6 21 21 25 16 1 15 1 15 16 7 16 15 1 21 18 15 4 3 15 6 7 21 18 1 1 9 1 25 9 1 12 25 6 1 4 4 7 7 25 18 16 21 6 21 3 6 21 1 7 18 3 18 3 15 21 6 3 16 3 1 18 4 3 7 6 7 7 18 9 25 3 25 15 18 15 15 15 3 3 12 25 4 25 16 25 16 25 7 18 21 7 4 6 4 18 4 12 18 16 4 4 15 4 6 21 18 12 21 9 15 9 18 25 6 3 25 
p33的运行结果如下：
18102
0 0 1 0 1 1 1 0 0 0 0 1 0 0 1 1 0 1 0 0 1 0 0 0 1 0 1 0 0 0 
7 6 7 3 7 6 5 6 5 12 27 21 7 21 5 3 18 18 6 18 5 5 27 5 27 21 3 25 6 27 5 6 7 6 21 21 25 16 5 3 18 21 16 7 16 15 7 21 18 21 5 5 15 6 7 21 18 5 5 15 18 6 21 6 12 18 16 18 27 27 7 7 6 3 16 3 27 21 5 16 21 18 7 18 5 18 3 5 21 6 3 16 3 18 3 16 3 7 5 7 7 3 18 18 3 6 5 18 3 3 15 5 3 18 18 27 25 16 25 6 12 7 6 21 7 5 6 27 5 27 12 5 25 7 7 21 5 6 21 18 18 3 21 18 21 6 12 6 3 6 
p34的运行结果如下：
13541
1 0 1 0 0 1 0 0 1 0 0 1 0 0 1 0 0 1 0 0 1 0 0 0 1 0 0 0 0 0 
21 1 21 3 21 6 3 25 15 18 6 21 15 21 3 15 18 18 6 12 3 1 6 3 6 9 3 25 6 6 6 12 15 1 21 21 25 12 3 15 1 15 25 3 25 15 3 21 1 9 6 3 15 6 21 21 18 6 1 18 1 25 9 1 12 12 6 1 6 6 15 21 12 12 25 21 6 21 3 6 21 1 21 18 3 18 18 1 21 6 3 12 12 1 1 6 3 3 6 15 15 1 18 12 3 12 1 1 15 15 15 3 3 12 12 6 25 25 25 12 18 15 12 21 21 1 6 12 1 15 18 1 25 1 15 9 1 12 21 18 1 21 9 15 9 12 12 12 18 18 
p35的运行结果如下：
18068
0 0 1 0 0 1 1 0 0 0 0 1 0 0 1 1 0 1 0 0 1 0 0 0 1 0 0 0 0 0 
7 12 7 3 7 6 3 18 3 18 6 15 7 21 3 15 15 18 6 12 3 12 6 3 6 21 3 25 6 6 6 12 7 12 21 21 25 16 3 15 18 15 16 7 16 15 7 21 12 15 6 3 15 25 7 21 18 6 12 21 18 18 21 12 12 12 6 18 15 6 7 7 12 18 16 15 6 21 3 6 21 18 7 18 3 18 3 21 21 6 3 16 18 12 12 3 3 7 6 7 7 18 18 12 3 6 12 12 15 15 15 3 3 12 12 15 25 16 25 18 25 7 12 21 7 15 6 6 12 15 18 12 25 7 7 15 15 6 21 18 18 15 21 15 21 12 12 18 3 18 
p36的运行结果如下：
22017
1 0 1 0 0 1 1 0 0 0 0 1 0 0 1 1 0 1 0 0 1 0 0 0 0 0 0 0 0 0 
7 18 7 3 7 6 3 16 3 1 6 21 7 21 3 21 18 18 6 12 3 18 6 3 6 21 3 1 6 6 6 12 7 18 21 21 1 16 3 12 18 15 16 7 16 15 7 21 12 15 6 3 15 6 7 21 15 6 18 15 1 12 21 18 12 12 6 1 6 6 7 7 12 18 16 21 6 21 3 6 21 18 7 1 3 18 3 18 21 6 3 16 3 18 18 6 3 7 6 7 7 18 15 12 3 12 18 18 12 21 15 7 3 12 12 6 1 16 12 16 12 7 12 21 7 16 6 16 18 16 1 18 12 7 7 15 16 16 21 18 12 21 21 12 21 18 12 12 3 12 
p37的运行结果如下：
20064
0 0 1 0 1 1 1 0 0 0 0 0 0 0 0 1 0 1 0 0 1 0 0 0 1 0 1 0 0 0 
7 6 7 3 7 6 5 6 7 18 27 7 7 21 5 3 3 18 6 6 5 5 27 5 27 21 3 6 6 27 5 6 7 6 21 3 25 16 5 3 18 3 16 7 16 3 7 21 6 3 5 7 3 6 7 21 3 5 5 18 18 6 21 6 18 6 16 18 27 27 7 7 6 3 16 3 27 21 5 16 7 3 7 18 5 18 3 5 21 5 3 16 3 6 5 16 3 7 5 7 7 3 3 6 3 6 5 6 3 3 18 5 3 18 6 27 6 16 6 6 6 7 6 21 7 5 6 27 5 27 18 5 6 7 7 21 5 6 21 18 18 7 21 3 3 5 6 6 3 6 
p38的运行结果如下：
14992
1 0 1 0 0 1 0 0 0 0 0 1 0 0 1 0 0 0 0 0 1 0 0 0 0 0 0 0 0 0 
21 12 15 3 21 6 3 6 3 1 6 15 15 21 3 15 15 12 6 12 3 3 6 3 6 21 3 1 6 6 6 12 15 6 21 21 1 12 3 15 12 15 12 3 12 15 3 21 12 15 6 3 15 6 15 21 1 6 12 21 1 6 21 12 12 12 6 1 6 6 15 21 12 12 12 15 6 21 3 6 21 12 15 1 3 1 3 3 21 6 3 12 3 12 3 6 3 3 6 15 15 3 1 12 3 6 3 12 15 15 15 3 3 12 12 3 1 12 12 6 12 15 6 21 15 3 6 6 12 15 1 12 12 15 15 21 12 6 21 1 1 15 21 15 21 6 12 6 3 6 
p39的运行结果如下：
20687
1 0 1 0 0 1 1 0 0 0 0 1 0 0 1 0 0 0 0 0 1 0 0 0 0 0 0 0 0 0 
7 6 7 3 7 6 7 6 7 1 3 7 7 21 3 3 12 12 6 12 3 3 3 3 3 21 3 12 6 6 6 6 7 6 21 21 1 6 3 3 12 21 12 7 12 15 7 21 12 21 6 7 15 6 7 21 15 3 12 15 1 6 21 12 12 12 6 12 7 3 7 7 12 12 12 21 6 21 7 6 7 12 7 1 3 1 3 3 21 6 3 6 3 12 3 6 3 7 6 7 7 3 12 12 3 6 3 12 3 21 15 3 3 12 12 7 12 12 12 6 12 7 6 21 7 3 6 6 12 7 1 6 12 7 7 21 3 6 21 1 12 7 21 12 21 6 12 6 3 6 
p40的运行结果如下：
26858
0 0 1 0 0 1 1 0 0 0 0 1 0 0 0 0 0 0 0 0 1 0 0 0 0 0 0 0 0 0 
7 6 7 3 7 6 7 6 7 12 21 7 7 21 21 21 3 12 6 12 21 3 21 21 21 21 3 12 6 3 3 6 7 6 21 21 12 6 21 3 12 21 12 7 12 12 7 21 6 21 3 7 12 6 7 21 3 3 3 12 12 6 21 6 12 6 6 12 7 21 7 7 6 3 12 21 3 21 7 6 7 12 7 12 3 12 3 3 21 6 3 6 3 12 3 6 3 7 3 7 7 3 12 12 3 6 3 12 21 21 12 21 3 12 6 7 12 12 6 6 6 7 6 21 7 3 6 21 3 7 12 3 12 7 7 12 3 6 21 12 12 7 21 3 21 6 12 6 3 6 
p41的运行结果如下：
10487
1 1 1 1 0 0 1 0 1 1 
4 4 1 2 3 10 4 4 9 4 4 3 3 4 3 7 3 4 1 4 3 2 7 7 4 4 4 4 9 3 9 1 1 1 4 3 3 4 7 4 4 3 4 9 4 1 1 4 4 4 2 4 4 3 10 4 3 4 9 4 1 1 2 9 1 2 4 2 4 4 9 1 4 1 4 4 10 3 3 4 3 3 10 10 3 3 3 3 3 3 
p42的运行结果如下：
8346
1 1 0 0 0 0 1 0 1 1 0 0 1 1 1 0 0 0 0 0 
13 9 10 15 7 13 1 14 2 2 10 7 7 9 7 1 14 14 15 15 15 1 10 10 13 13 14 13 14 14 1 9 7 9 9 9 9 14 1 2 2 14 14 9 10 15 14 7 9 7 2 14 2 14 14 10 13 15 9 15 14 14 1 10 14 13 14 9 7 7 7 14 7 1 7 7 9 9 9 7 
p43的运行结果如下：
8387
0 1 0 0 0 1 0 0 1 1 0 0 1 0 1 1 0 0 0 0 0 0 0 0 0 0 0 0 1 0 
6 9 16 2 6 10 10 9 2 16 6 16 15 10 16 13 9 9 13 10 15 15 10 9 6 15 2 6 6 6 16 16 29 15 10 10 6 13 16 16 6 13 29 6 6 15 6 16 10 16 9 6 10 13 16 16 16 9 16 29 2 2 16 6 6 29 29 16 16 6 
p44的运行结果如下：
11221
1 1 1 1 0 0 1 0 1 1 
4 4 10 4 3 3 3 10 7 1 1 1 7 1 1 1 2 2 10 2 2 7 7 3 3 3 3 3 3 9 3 4 4 4 4 4 4 4 4 4 10 1 3 2 9 9 10 10 4 3 7 7 3 10 3 9 7 7 3 4 7 4 3 10 10 7 7 9 2 1 7 3 3 10 3 9 7 7 3 3 4 3 3 10 10 4 7 10 7 10 
p45的运行结果如下：
8654
1 1 0 0 1 1 0 0 1 1 0 0 1 1 1 0 0 0 0 0 
1 1 1 1 1 1 1 2 2 2 5 5 2 2 14 14 9 14 10 5 14 15 5 5 5 5 5 5 15 6 6 6 6 6 6 6 6 6 1 1 5 5 9 13 14 15 14 14 14 5 9 9 5 15 14 6 6 1 10 10 13 13 1 14 2 14 13 13 10 14 14 13 14 14 15 15 9 6 10 14 
p46的运行结果如下：
7888
1 1 0 0 0 1 0 0 1 1 0 0 1 0 1 1 0 0 0 0 0 0 0 0 0 0 0 0 0 0 
1 1 15 1 1 1 1 2 2 2 16 15 2 2 16 16 13 15 16 15 16 6 6 6 6 6 6 9 9 9 9 9 10 10 1 15 15 6 6 2 10 13 16 1 15 16 10 6 6 16 10 6 10 16 16 10 10 13 15 6 13 16 1 15 15 6 15 6 16 16 
p47的运行结果如下：
11297
1 1 0 1 0 1 0 1 1 1 
1 1 1 4 1 1 1 4 4 4 2 2 4 2 2 4 4 4 8 8 4 4 4 4 8 4 4 8 6 8 4 4 4 6 4 6 4 6 4 4 4 4 4 4 4 4 4 6 6 6 6 6 6 6 8 9 8 8 8 8 4 4 8 8 8 8 1 1 8 8 8 8 8 8 8 8 9 9 8 9 8 4 10 10 4 10 10 8 4 8 
p48的运行结果如下：
8773
1 1 0 0 0 1 0 0 1 1 1 0 1 0 1 0 1 0 0 0 
1 2 1 1 2 2 1 1 1 1 6 2 6 1 17 6 6 6 6 6 6 6 6 6 10 6 11 17 17 11 11 9 9 10 9 10 9 10 10 10 10 6 11 10 11 11 11 11 13 13 13 13 17 11 11 15 15 13 15 9 1 15 15 15 15 17 1 11 17 11 11 17 17 17 17 11 11 1 17 1 
p49的运行结果如下：
8802
0 1 0 0 0 1 0 0 1 0 0 0 1 0 1 0 1 0 0 0 0 1 0 0 0 0 0 0 1 0 
2 2 2 2 29 6 6 6 6 17 2 6 6 6 17 6 6 9 6 17 6 6 15 9 9 9 17 13 13 13 13 15 17 15 9 6 17 17 17 17 17 17 17 13 17 6 17 6 22 17 22 15 22 22 22 22 17 22 22 17 22 6 6 6 29 29 17 29 29 29 
p50的运行结果如下：
12926
1 1 0 0 0 1 1 1 1 1 
9 7 7 1 10 10 6 6 8 8 8 9 10 7 8 10 8 6 6 8 1 7 7 8 8 1 6 1 8 9 6 8 8 8 8 8 10 8 1 1 8 8 8 7 8 8 6 6 8 9 8 6 1 7 1 1 7 1 2 6 8 6 8 8 8 8 7 1 6 8 8 7 1 7 7 9 7 8 7 8 7 6 8 8 10 9 2 6 6 8 10 2 7 6 2 2 2 2 2 7 
p51的运行结果如下：
10246
1 1 0 0 0 1 0 0 0 0 1 0 1 1 1 1 0 0 0 0 
6 11 11 15 13 13 6 6 16 2 6 15 14 16 1 14 13 6 6 16 11 11 11 15 11 15 2 15 16 2 2 6 16 16 16 1 14 16 11 11 1 1 1 14 6 6 6 2 6 16 16 6 15 11 15 11 16 6 13 13 16 6 16 16 16 16 11 15 6 16 16 11 11 11 11 11 11 16 11 16 11 6 6 1 13 14 14 6 14 2 14 14 14 14 14 14 14 14 16 16 
p52的运行结果如下：
11970
0 0 0 1 1 1 1 1 1 1 
8 8 8 8 8 8 8 8 4 4 8 4 4 5 4 4 5 6 9 9 5 9 6 9 6 6 5 5 5 10 10 10 5 10 7 7 7 7 7 7 7 7 7 7 8 8 5 5 9 10 6 4 5 7 8 10 4 4 4 8 7 6 6 4 4 4 6 8 8 8 6 7 5 4 5 6 5 8 8 7 7 4 4 6 6 4 4 8 6 8 4 6 7 7 6 7 4 8 4 8 
p53的运行结果如下：
14843
0 1 0 0 0 1 1 0 1 1 0 0 1 1 1 1 0 0 1 0 
6 6 7 6 6 6 7 7 16 16 2 16 7 7 7 7 7 13 13 13 13 14 14 13 16 16 16 19 19 10 10 10 19 10 7 15 19 15 19 15 15 19 7 19 6 7 7 13 14 10 14 2 7 9 6 14 2 7 2 7 9 10 16 14 2 14 10 6 6 6 9 19 7 7 7 16 15 16 7 14 9 2 14 14 16 14 7 6 16 2 14 9 10 9 10 9 16 7 14 6 
p54的运行结果如下：
14244
1 1 1 1 0 1 1 0 1 1 
10 10 3 3 3 3 10 3 3 3 3 3 3 3 3 3 3 3 3 2 2 2 2 2 2 3 3 3 4 3 4 3 4 4 4 4 4 4 4 7 4 4 4 4 4 4 4 4 4 4 4 4 7 7 7 7 4 7 7 7 7 1 1 7 1 7 1 7 7 6 6 7 6 1 10 6 1 1 1 6 9 6 6 6 7 6 9 7 6 7 6 6 10 6 9 6 9 6 6 6 
p55的运行结果如下：
11719
1 0 1 0 0 0 1 0 1 1 1 0 1 1 1 0 0 0 0 0 
3 3 3 3 3 9 9 9 3 9 3 3 3 3 9 3 3 3 3 13 13 13 13 15 13 11 15 3 15 3 7 15 15 15 7 3 7 7 7 11 11 1 1 11 1 1 1 1 1 1 1 1 11 11 11 11 11 11 11 11 11 10 10 11 10 11 11 11 11 14 14 11 14 1 3 14 10 10 10 14 14 14 14 14 14 14 14 3 14 14 14 7 3 7 7 7 7 7 7 7 
p56的运行结果如下：
30787
1 0 1 1 1 0 0 1 1 0 1 1 1 0 0 1 0 0 0 1 0 0 1 1 1 0 1 1 0 0 
28 20 23 28 3 13 3 28 28 12 5 23 9 24 23 23 24 11 16 23 28 23 16 25 11 23 25 20 13 16 20 20 5 23 28 23 9 9 25 16 8 9 23 5 9 20 4 25 20 11 25 23 1 25 9 13 8 27 23 8 5 1 8 9 9 12 1 27 20 13 8 13 20 27 11 11 27 16 9 25 11 4 27 8 5 24 5 3 28 8 12 20 8 12 1 24 23 13 1 23 27 16 12 8 5 1 5 25 23 4 20 5 25 13 13 9 28 8 23 9 27 12 24 20 27 23 3 12 5 1 12 25 12 11 24 9 4 24 23 24 13 28 12 12 23 4 25 16 28 12 25 1 24 1 9 12 3 16 4 4 24 28 11 3 24 28 24 5 24 16 16 27 4 27 5 3 1 11 27 11 4 16 3 23 13 27 12 24 23 3 3 16 27 5 8 13 8 16 11 20 
p57的运行结果如下：
39513
1 0 1 0 1 0 0 1 1 0 1 0 1 1 0 1 0 0 0 0 0 0 1 1 1 1 1 1 0 1 
28 14 23 28 3 8 3 28 28 30 5 23 11 24 14 8 24 11 16 23 28 23 16 25 11 8 25 27 30 16 30 27 5 23 28 30 9 9 25 16 8 14 13 27 9 5 14 25 30 11 25 23 1 25 9 13 26 27 8 8 27 1 8 9 9 23 1 24 13 26 8 13 27 30 24 24 24 16 9 25 11 23 27 26 5 24 30 3 28 26 30 30 26 26 1 23 23 13 1 14 30 16 26 8 5 1 5 25 23 14 27 5 25 13 13 9 28 8 23 9 27 23 30 5 27 23 3 13 27 1 23 25 26 11 24 9 23 24 23 24 13 28 13 26 26 24 25 16 28 26 25 1 24 1 9 8 3 16 14 14 14 28 11 3 11 28 24 5 23 16 16 9 14 27 5 3 1 11 30 11 23 16 3 14 26 9 30 11 23 3 3 16 30 5 8 13 8 16 11 30 
p58的运行结果如下：
49313
1 1 1 0 1 0 0 1 1 0 1 1 1 0 0 1 0 0 0 0 0 0 1 1 0 1 1 1 0 1 
8 24 2 28 3 13 3 28 23 30 5 24 11 2 24 23 2 11 23 24 28 1 23 23 11 23 28 27 30 16 30 27 5 23 28 30 9 9 16 16 8 26 30 27 9 5 24 16 30 11 23 23 1 16 9 13 8 27 23 8 27 1 8 9 9 12 1 30 12 13 8 13 27 30 24 2 30 2 9 23 11 24 27 8 5 24 26 3 28 8 12 30 8 12 1 2 24 13 1 26 30 16 12 8 5 1 5 28 23 24 27 5 28 13 13 9 28 26 24 9 27 12 30 5 27 23 3 12 27 1 13 23 12 11 2 9 2 2 24 24 13 23 12 12 26 24 16 16 28 12 16 1 24 1 9 12 3 16 24 24 24 28 11 3 11 28 2 5 2 26 2 9 24 27 5 3 1 11 30 11 24 16 3 26 13 9 12 11 23 3 3 24 30 5 8 13 26 24 11 30 
p59的运行结果如下：
38114
0 0 1 0 1 0 1 0 0 0 1 0 0 1 1 0 1 1 1 1 0 0 1 1 1 1 0 0 1 1 
19 20 3 19 3 7 3 11 23 29 5 29 24 11 20 19 14 15 17 23 19 17 3 25 24 19 17 29 30 3 7 30 5 17 23 23 15 15 25 17 19 20 7 30 15 5 14 17 15 18 25 17 25 17 15 7 19 15 19 26 30 18 23 11 14 23 18 18 29 30 19 7 7 11 24 24 14 18 30 25 24 11 15 26 5 24 20 3 23 19 29 7 26 26 3 14 23 7 11 29 29 17 26 19 5 11 5 25 17 20 30 5 19 23 23 11 29 23 18 14 30 23 29 5 20 17 3 26 30 18 23 25 26 14 24 30 11 14 29 15 26 23 29 26 26 20 25 17 11 26 25 18 24 18 11 26 3 17 20 14 14 11 24 25 24 15 11 5 14 23 14 15 20 18 5 3 15 15 30 14 23 17 25 20 7 11 29 24 11 3 3 23 7 5 26 7 23 23 24 15 
p60的运行结果如下：
31498
1 0 1 1 1 0 0 1 1 0 1 0 0 0 0 1 0 0 0 1 0 0 0 0 0 1 0 1 0 1 
28 20 3 8 3 5 3 28 28 28 5 8 9 16 8 8 11 11 28 8 28 16 3 3 11 8 28 20 30 3 20 20 5 16 28 8 9 9 3 16 8 4 8 5 9 20 4 3 20 20 16 16 1 3 9 5 26 4 8 26 5 1 8 9 9 26 1 20 20 26 16 5 20 4 11 11 9 3 9 16 11 1 4 26 5 11 20 3 28 26 28 20 26 26 1 4 8 20 1 8 20 16 26 8 5 1 5 28 16 4 20 5 28 8 8 9 28 8 11 9 9 8 16 20 5 16 3 26 20 1 8 3 26 9 11 9 4 11 8 11 26 28 8 26 26 16 3 16 28 26 1 1 11 1 9 26 3 16 4 4 4 28 9 1 4 28 16 5 16 16 11 9 8 11 5 1 1 11 5 11 3 16 1 8 26 9 8 11 16 3 3 16 5 5 26 5 8 16 11 20 
p61的运行结果如下：
38350
1 0 1 1 1 0 0 1 1 0 1 0 0 0 1 1 0 0 0 0 0 0 0 0 0 1 0 1 0 0 
28 15 3 4 3 26 3 28 28 28 5 15 11 15 15 8 16 11 28 15 28 4 3 3 11 8 28 9 4 3 15 5 5 16 28 15 9 9 3 16 8 9 8 5 9 5 15 3 15 11 15 4 1 3 9 8 26 9 8 26 5 1 8 9 9 26 1 15 16 26 16 26 5 9 11 11 11 3 9 4 11 1 9 26 5 11 15 3 28 26 28 15 26 26 1 15 8 8 1 15 8 16 26 8 5 1 5 28 16 4 15 5 28 8 8 9 28 8 15 9 9 8 16 5 15 16 3 26 5 1 4 3 26 11 16 9 15 9 15 11 26 28 8 26 26 4 3 16 28 26 1 1 11 1 9 16 3 16 4 15 15 28 11 1 15 28 16 5 15 16 16 9 15 11 5 1 1 11 5 11 3 16 1 15 26 9 8 15 15 3 3 16 15 5 8 8 8 16 11 15 
p62的运行结果如下：
45624
1 1 1 0 1 0 1 1 1 0 1 0 1 0 0 1 0 0 0 0 0 0 0 0 0 0 0 0 1 0 
8 13 3 7 3 13 3 29 2 29 5 29 11 2 29 8 2 11 16 2 8 16 3 3 11 7 2 9 7 3 29 5 5 2 29 7 9 9 3 16 8 9 13 5 9 5 2 3 29 11 2 7 1 3 9 13 8 9 8 8 5 1 8 9 9 2 1 29 13 13 8 13 5 9 11 11 11 3 9 7 11 1 9 8 5 11 7 3 2 8 29 2 8 8 1 2 29 13 1 29 29 16 13 8 5 1 5 16 16 2 29 5 16 13 13 9 29 8 29 9 9 2 29 5 2 16 3 13 5 1 2 3 13 11 16 9 2 9 29 11 13 2 13 2 8 2 3 16 16 8 1 1 11 1 9 29 3 16 2 2 2 29 11 1 2 16 16 5 2 16 16 9 2 11 5 1 1 11 5 11 3 16 1 7 13 9 29 2 29 3 3 16 2 5 8 13 8 16 11 2 
p63的运行结果如下：
39176
0 0 0 0 1 0 1 0 0 0 0 0 0 1 0 1 0 1 1 0 0 0 0 1 1 1 0 0 1 1 
19 7 16 16 25 7 26 29 19 29 5 29 24 14 16 19 14 14 19 16 19 25 24 25 24 19 25 29 30 16 7 5 5 16 26 7 14 16 25 16 19 30 7 5 14 5 14 25 16 18 25 16 18 25 14 7 7 16 19 26 5 18 19 30 24 26 24 18 29 7 19 7 5 16 24 24 14 24 14 16 24 16 16 26 5 24 18 24 25 19 29 7 19 26 26 14 26 29 18 29 29 16 26 19 5 18 5 25 26 30 7 5 25 7 7 16 29 26 18 14 18 26 29 5 30 16 25 29 5 18 26 25 7 14 24 26 16 14 29 18 7 19 29 26 26 16 25 26 19 26 18 29 24 18 14 29 16 16 30 14 14 18 24 25 16 19 16 5 14 16 14 14 30 18 5 26 18 26 5 14 16 16 25 30 7 16 29 24 18 25 16 16 7 5 19 7 26 16 24 26 
p64的运行结果如下：
32363
1 0 1 1 0 0 0 1 1 0 0 0 1 0 0 1 0 0 0 1 0 0 0 0 0 0 0 1 0 1 
28 20 3 28 3 13 3 28 28 28 20 8 9 16 8 28 16 9 28 1 28 16 3 1 9 28 28 20 30 3 20 20 30 16 28 13 9 9 1 3 28 4 20 30 9 20 4 3 20 9 28 16 1 3 9 20 13 30 28 8 30 1 8 9 9 13 1 20 20 13 28 20 20 30 3 16 9 1 9 16 16 1 30 13 30 16 30 1 28 13 13 20 8 13 1 4 28 20 1 8 20 16 13 28 20 1 30 3 28 4 20 30 28 13 13 9 13 8 4 9 9 28 28 20 30 16 3 13 20 1 8 3 13 9 3 9 4 4 8 30 13 28 13 13 8 16 3 3 28 13 1 1 3 1 9 13 3 16 4 4 4 28 9 1 4 3 3 20 16 16 3 9 30 9 30 1 1 30 30 30 3 3 1 30 13 9 13 4 1 3 3 16 20 30 28 13 8 16 9 20 
p65的运行结果如下：
39505
1 0 1 0 1 0 1 0 0 0 1 0 0 0 0 1 0 0 0 0 0 0 0 0 0 1 0 1 0 0 
28 7 3 28 3 26 3 28 28 28 5 7 11 16 7 28 7 11 28 1 28 16 3 1 11 28 28 5 7 3 5 5 5 16 28 7 11 7 1 16 7 16 7 5 7 5 16 3 7 11 16 16 1 3 7 7 26 7 28 26 5 1 26 16 11 26 1 11 5 26 28 26 5 7 3 11 11 1 11 16 11 1 7 26 5 11 5 1 28 26 28 5 26 26 1 16 7 7 1 7 7 16 26 28 5 1 5 3 28 16 7 5 28 7 26 16 28 16 7 11 5 7 28 5 7 16 3 26 5 1 26 3 26 11 3 11 16 7 7 11 26 28 7 26 26 16 3 3 28 26 1 1 11 1 16 26 3 16 16 16 16 28 3 1 16 3 3 5 7 16 3 11 7 11 5 1 1 11 5 11 3 3 1 7 26 7 28 11 1 3 3 3 7 5 26 26 16 16 11 7 
p66的运行结果如下：
43650
1 0 1 1 1 0 0 1 0 0 1 0 1 0 0 0 0 0 0 0 0 0 0 0 0 0 0 0 1 0 
8 29 3 4 3 13 3 29 8 29 5 29 11 29 29 8 29 11 8 1 8 4 3 1 11 29 29 5 4 3 5 5 5 4 29 29 11 29 1 4 8 4 13 5 29 5 4 3 29 11 29 4 1 3 4 13 13 29 8 8 5 1 8 4 11 13 1 11 5 13 8 13 5 4 3 11 11 1 11 4 11 1 4 8 5 11 5 1 29 8 8 5 8 8 1 4 29 13 1 29 29 29 13 8 5 1 5 3 8 4 29 5 8 13 13 4 13 8 29 11 5 8 29 5 4 4 3 13 5 1 29 3 13 11 3 11 4 29 29 11 13 29 13 8 8 4 3 3 8 13 1 1 11 1 4 13 3 4 4 4 4 29 3 1 4 3 3 5 29 4 3 11 29 11 5 1 1 11 5 11 3 3 1 29 13 4 13 11 1 3 3 3 13 5 8 13 8 4 11 29 
p67的运行结果如下：
41075
0 0 0 0 1 0 1 0 0 0 0 0 0 1 0 1 0 1 1 0 0 0 0 1 1 1 0 0 1 1 
19 26 16 16 24 7 24 29 19 18 5 29 14 14 29 19 14 24 19 16 29 16 24 25 18 19 25 7 30 24 5 5 5 16 29 7 30 16 25 16 19 26 7 5 30 5 14 16 16 18 25 16 25 25 30 7 29 30 19 19 5 25 19 26 14 16 14 18 7 29 19 7 5 26 24 14 14 18 14 16 24 16 30 29 5 14 5 24 19 19 18 7 19 16 24 14 29 7 18 29 18 16 26 30 5 25 5 25 19 26 29 5 29 7 7 16 29 19 18 30 30 19 18 5 30 16 25 7 5 18 26 25 30 30 14 30 16 14 29 24 7 19 7 26 19 16 25 16 29 19 25 18 24 18 16 18 16 16 26 14 14 29 14 25 24 29 24 5 24 16 24 24 26 18 5 24 18 30 30 30 24 16 25 26 7 16 29 24 16 30 16 16 7 30 19 7 19 16 14 30 
p68的运行结果如下：
29609
1 0 1 1 1 0 0 1 1 0 0 0 1 0 0 1 0 0 0 1 0 0 0 1 0 0 0 1 0 1 
28 20 3 8 3 13 3 28 28 28 5 8 9 24 8 8 16 9 28 8 28 16 3 1 9 8 28 20 30 3 20 20 5 16 28 13 9 9 1 16 8 4 13 5 9 20 4 3 20 20 16 16 1 3 9 13 28 4 8 8 5 1 8 9 9 13 1 20 20 13 8 13 20 4 24 24 9 3 9 16 24 16 4 8 5 24 8 3 28 8 28 20 8 8 1 4 8 20 1 8 20 16 13 8 5 1 5 28 28 4 20 5 28 13 13 9 28 8 4 9 9 8 8 20 4 16 3 13 20 1 13 3 13 9 24 9 4 4 8 24 13 28 13 13 8 16 3 3 28 13 1 1 24 1 9 28 3 16 4 4 24 28 9 1 24 28 24 5 16 16 24 9 8 9 5 1 1 24 5 24 16 16 1 8 13 9 13 24 1 3 3 16 5 5 8 13 8 16 9 20 
p69的运行结果如下：
38870
1 1 1 0 1 0 1 1 1 0 1 0 0 0 0 0 0 0 0 0 0 1 0 0 0 1 0 1 0 0 
28 7 3 28 3 26 3 28 28 28 5 7 11 2 7 8 2 11 28 7 28 22 3 1 11 8 28 9 7 3 2 5 5 7 28 7 11 9 1 2 8 9 7 2 9 5 2 3 7 11 7 7 1 3 9 8 26 9 8 26 7 1 8 9 9 8 1 2 8 26 8 26 8 9 11 11 11 3 9 7 11 2 9 26 5 11 7 3 28 26 28 7 26 26 1 9 8 8 1 7 8 2 26 8 5 1 5 28 28 2 2 5 28 8 8 9 28 26 2 9 9 8 2 5 7 7 3 8 9 1 7 3 26 11 9 9 2 9 7 11 8 28 8 26 26 2 3 3 28 26 1 1 2 1 9 28 3 7 2 2 2 28 11 1 2 28 2 5 9 22 2 9 7 9 5 1 1 11 2 11 2 2 1 7 26 9 28 2 1 3 3 7 7 7 8 8 8 2 11 7 
p70的运行结果如下：
48981
1 1 1 0 1 0 0 1 1 0 1 0 1 0 0 0 0 0 0 0 0 0 0 0 0 0 0 1 0 1 
28 30 3 28 3 13 3 28 28 28 5 30 11 2 30 8 2 11 28 30 28 30 3 1 11 8 28 9 30 3 2 5 5 30 28 30 11 9 1 2 8 9 13 2 9 5 2 3 30 11 30 30 1 3 9 13 28 9 8 8 30 1 8 9 9 8 1 8 13 13 8 13 8 9 11 11 11 3 9 30 11 2 9 8 5 11 30 3 28 8 28 2 8 8 1 9 8 13 1 30 8 2 13 8 5 1 5 28 28 2 2 5 28 13 13 9 28 8 2 9 9 8 8 5 30 30 3 13 9 1 30 3 13 11 9 9 2 9 8 11 13 28 13 8 8 2 3 3 28 8 1 1 2 1 9 13 3 30 2 2 2 28 11 1 2 28 2 5 9 30 2 9 30 9 5 1 1 11 2 11 2 2 1 13 13 9 28 2 1 3 3 2 2 30 8 13 8 2 11 30 
p71的运行结果如下：
36403
0 0 1 0 1 0 1 0 0 0 1 0 0 1 0 0 1 1 1 0 0 0 0 1 1 1 0 0 1 1 
19 17 3 17 3 7 3 11 19 29 5 29 24 14 17 19 14 14 11 17 19 17 24 25 24 17 11 29 30 3 7 5 5 17 17 7 30 11 25 17 19 17 7 30 14 5 14 3 17 18 25 17 25 3 11 7 19 11 19 26 30 18 26 11 14 26 18 18 29 30 19 7 7 11 24 24 14 18 30 25 24 11 11 26 5 24 17 3 17 19 29 7 26 26 3 14 17 7 18 29 29 11 26 19 5 25 5 25 11 17 30 5 19 7 26 11 29 26 18 14 30 26 29 5 11 17 25 26 30 18 29 25 26 14 24 30 11 14 29 11 26 17 29 26 26 18 25 3 19 26 25 18 24 18 11 30 3 17 14 14 14 26 24 25 24 19 3 5 14 17 14 11 17 18 5 3 3 11 30 14 3 3 25 26 7 11 29 24 11 3 3 3 7 30 26 7 17 17 24 11 
