p1的运行结果如下：
9767
1 1 1 1 0 1 0 1 1 1 
9 3 2 6 4 1 3 10 3 2 10 1 4 3 9 4 3 9 10 8 4 8 10 8 3 6 2 6 1 6 3 6 1 4 10 10 8 4 1 3 2 1 2 6 8 1 3 1 8 1 
p2的运行结果如下：
7889
1 1 1 1 1 1 1 1 1 0 
9 3 2 7 4 9 3 5 5 2 5 9 4 3 9 4 5 1 7 8 4 5 7 5 3 6 2 6 1 6 3 7 1 4 5 5 5 4 1 5 2 9 4 6 8 1 3 1 5 1 
p3的运行结果如下：
9467
1 1 1 1 1 0 1 1 1 0 
9 3 2 7 4 9 3 5 5 2 5 9 4 3 9 4 5 1 7 8 4 8 7 5 3 7 2 7 1 2 3 7 1 4 5 5 5 4 1 5 4 1 2 7 8 1 5 1 5 1 
p4的运行结果如下：
12137
1 1 1 1 0 0 1 1 1 0 
9 9 2 7 4 9 3 8 3 2 7 1 4 3 9 4 3 1 7 8 4 1 7 8 2 7 2 7 1 4 3 7 1 3 7 8 3 4 1 8 4 1 2 7 8 1 3 4 8 1 
p5的运行结果如下：
9147
1 1 1 1 1 1 0 1 1 1 
9 9 2 6 2 9 3 5 5 2 10 9 4 3 9 4 3 1 10 8 4 9 10 5 3 6 2 6 1 6 3 6 1 4 10 5 5 4 1 5 2 9 2 6 8 1 10 1 5 4 
p6的运行结果如下：
8428
1 1 1 1 0 0 1 1 1 1 
9 9 2 7 2 9 3 10 3 2 10 9 4 3 9 4 3 1 10 8 4 9 7 8 2 7 2 2 4 2 10 7 1 4 10 8 8 4 1 3 4 9 2 7 8 1 3 1 8 1 
p7的运行结果如下：
10028
1 1 1 1 0 0 1 1 1 1 
9 9 2 7 2 9 3 10 3 2 10 9 4 3 9 4 3 1 10 8 4 9 7 8 2 7 2 2 4 2 10 7 1 4 10 8 8 4 1 3 4 9 2 7 8 1 3 1 8 1 
p8的运行结果如下：
11826
1 0 1 1 1 1 1 1 1 0 
9 9 6 7 4 9 3 8 8 6 5 9 4 3 9 3 5 1 7 8 4 9 7 5 6 6 4 6 1 6 7 7 1 3 5 5 5 4 1 5 4 9 4 6 8 1 3 4 8 1 
p9的运行结果如下：
8992
1 1 1 0 0 0 1 1 1 1 
9 9 2 7 2 9 3 10 3 2 10 9 1 3 9 1 3 1 10 8 2 9 7 8 3 7 2 2 9 2 3 7 1 1 10 8 8 1 1 3 2 9 2 7 8 9 3 1 8 1 
p10的运行结果如下：
8508
1 1 1 0 0 0 1 1 1 0 
9 9 2 7 2 9 3 8 3 2 7 9 1 3 9 1 3 1 7 8 2 9 7 8 3 7 2 2 1 2 3 7 9 1 3 8 8 2 1 3 2 9 2 7 8 1 3 1 8 1 
p11的运行结果如下：
10347
1 0 1 0 0 1 0 1 1 1 
9 9 6 10 6 9 3 10 3 6 10 9 1 3 9 1 3 1 10 8 3 9 10 8 3 6 6 6 9 6 3 6 1 1 10 8 8 1 1 3 6 9 6 6 8 9 3 1 8 1 
p12的运行结果如下：
11801
1 0 1 0 1 0 1 0 1 0 
9 9 3 7 1 9 3 3 9 7 5 9 1 3 9 1 5 1 7 5 3 9 7 5 3 7 1 7 9 3 3 7 1 3 5 5 5 1 1 5 3 9 7 7 5 9 5 1 5 1 
p13的运行结果如下：
9055
1 1 0 0 1 0 0 0 1 1 1 0 1 1 0 1 0 0 0 0 
1 13 11 11 2 13 5 14 11 5 16 5 2 10 14 13 16 11 5 10 13 16 16 2 10 5 1 2 2 5 14 16 14 1 13 11 9 2 5 14 10 1 16 1 9 14 13 11 5 10 
p14的运行结果如下：
7617
1 0 0 0 0 0 1 1 0 0 1 1 0 1 0 1 0 1 0 1 
1 12 11 11 20 14 18 14 8 18 16 20 20 7 14 12 16 11 18 7 16 16 16 20 7 18 1 18 20 18 14 8 14 1 12 11 12 20 20 14 7 1 16 1 12 14 8 11 20 7 
p15的运行结果如下：
10302
1 0 0 0 1 0 0 1 0 1 1 0 0 1 0 1 0 1 0 0 
1 18 11 11 5 16 18 14 8 5 16 5 5 11 14 8 16 11 5 10 16 16 16 5 10 5 1 18 5 18 14 8 14 1 18 11 18 14 18 14 10 1 1 8 10 16 8 11 5 10 
p16的运行结果如下：
11902
1 0 0 0 1 0 0 1 0 1 1 0 0 1 0 1 0 1 0 0 
1 18 11 11 5 16 18 14 8 5 16 5 5 11 14 8 16 11 5 10 16 16 16 5 10 5 1 18 5 18 14 8 14 1 18 11 18 14 18 14 10 1 1 8 10 16 8 11 5 10 
p17的运行结果如下：
9360
1 1 0 0 1 1 0 0 1 1 1 0 0 1 0 1 0 0 0 0 
1 2 11 11 2 16 5 14 9 5 16 5 2 11 14 9 16 11 5 10 16 16 16 14 10 5 1 2 2 5 14 16 14 1 2 11 9 2 2 6 10 1 6 1 9 6 11 11 14 10 
p18的运行结果如下：
7307
1 0 0 0 0 0 1 0 0 0 1 1 1 1 0 1 0 1 0 1 
1 13 11 11 20 13 18 14 13 18 16 20 20 7 14 12 16 11 18 7 13 16 16 20 7 18 1 18 13 18 14 16 14 1 12 11 12 20 20 14 7 1 16 1 12 14 13 11 20 7 
p19的运行结果如下：
10025
1 0 0 0 1 0 0 0 0 1 1 0 0 1 0 1 0 1 1 0 
1 19 11 11 19 19 18 14 10 18 1 5 5 11 14 18 16 11 5 10 19 16 16 14 10 5 1 18 18 18 14 16 14 1 18 11 10 19 5 14 10 1 16 1 10 14 16 11 5 10 
p20的运行结果如下：
11807
1 0 0 0 1 0 0 1 0 1 1 0 0 1 0 1 0 1 0 0 
1 8 11 11 5 16 18 14 8 18 16 5 5 11 14 10 16 11 5 10 8 16 16 14 10 18 1 18 18 18 14 8 14 1 5 11 18 5 5 14 10 1 16 1 10 16 8 11 14 10 
p21的运行结果如下：
8682
1 1 0 0 1 0 0 0 0 1 1 0 0 1 0 1 0 0 0 0 
1 2 11 11 2 16 2 14 11 5 16 5 2 11 14 2 16 11 5 10 16 16 16 14 10 5 1 2 2 5 14 16 14 1 2 11 2 2 5 14 11 1 1 1 10 16 16 11 5 10 
p22的运行结果如下：
8432
1 0 0 1 0 0 0 0 0 0 1 1 0 1 0 1 0 1 1 0 
1 4 1 11 19 19 18 14 4 18 16 18 19 11 14 4 16 11 18 12 19 16 16 14 11 18 1 18 4 18 14 16 14 1 4 11 12 19 19 14 11 1 1 1 12 14 16 11 14 12 
p23的运行结果如下：
10371
1 0 0 1 1 0 0 0 0 1 0 0 0 1 0 1 0 0 0 0 
1 4 1 16 4 16 5 14 4 5 16 5 4 10 14 4 16 16 5 10 16 16 16 14 10 5 1 5 4 5 14 16 14 1 4 10 4 4 5 14 4 1 1 1 10 14 16 10 14 10 
p24的运行结果如下：
11736
1 0 0 0 1 0 0 0 0 1 1 0 0 1 0 1 0 0 0 0 
1 16 11 11 16 16 5 14 11 5 1 5 14 11 14 10 16 11 5 10 16 16 16 14 10 5 1 5 16 5 14 11 14 1 10 11 10 14 5 14 10 1 1 1 10 16 16 11 14 10 
p25的运行结果如下：
17311
0 0 1 0 1 1 1 1 0 0 0 1 0 0 0 1 0 1 0 0 1 0 0 0 0 0 1 0 0 0 
21 12 7 3 7 6 5 6 5 12 27 21 21 21 8 21 18 18 6 12 8 5 27 5 12 21 3 6 6 16 12 12 7 12 21 21 12 16 5 18 18 21 16 7 6 18 5 21 12 21 5 5 3 6 7 21 8 5 8 21 12 6 21 8 12 12 16 18 27 16 21 7 12 8 16 3 27 21 5 6 21 8 21 18 8 18 3 5 21 12 8 16 12 12 8 16 3 5 12 7 21 12 8 12 3 6 5 12 21 8 3 5 3 12 12 5 6 16 6 6 12 21 12 21 7 5 6 27 5 12 12 5 6 12 21 21 5 6 21 18 18 21 21 18 21 12 12 6 3 6 
p26的运行结果如下：
11199
1 0 1 0 0 1 0 0 0 0 0 1 0 0 1 1 0 1 0 0 1 0 0 0 1 0 0 0 0 0 
21 12 21 3 21 6 3 25 15 18 25 21 15 21 3 15 15 18 6 12 3 12 6 1 6 21 18 25 6 25 6 12 15 12 21 21 25 16 1 15 1 15 16 15 25 15 1 21 12 21 6 15 15 6 21 21 15 12 1 15 1 6 21 12 12 12 25 1 25 25 21 21 12 18 25 21 16 21 15 25 21 1 21 18 1 18 18 1 21 6 3 25 3 12 1 25 18 3 12 21 21 1 18 12 3 12 1 12 15 15 15 15 3 12 12 12 25 25 25 25 6 15 12 21 21 1 6 25 1 6 1 12 25 6 21 15 1 6 21 18 1 21 21 15 21 12 12 6 3 6 
p27的运行结果如下：
13488
1 0 1 0 0 1 1 0 0 0 0 1 0 0 1 1 0 1 0 0 1 0 0 0 1 0 0 0 0 0 
21 12 21 3 21 6 3 25 15 1 25 21 15 21 18 15 15 18 6 12 15 1 6 3 6 21 3 25 6 25 6 12 7 12 21 21 25 16 1 15 1 15 16 21 25 15 1 21 12 21 12 15 15 6 21 21 15 12 12 15 1 6 21 12 12 12 25 1 25 25 21 7 12 18 25 15 25 21 15 25 21 1 21 18 3 18 18 1 21 6 3 25 18 12 1 6 3 1 12 21 21 1 15 12 3 6 1 12 15 15 15 15 3 12 12 12 25 16 25 25 6 21 12 21 21 1 6 25 1 12 1 12 25 6 21 15 18 6 21 18 1 21 21 15 21 12 12 6 3 6 
p28的运行结果如下：
22179
1 0 1 1 0 1 1 0 0 0 0 1 0 0 0 0 0 1 0 0 1 0 0 0 0 0 0 0 0 0 
21 1 7 3 7 6 4 6 21 1 4 7 21 21 4 18 1 18 6 12 3 4 4 4 4 21 3 12 6 12 12 6 7 6 21 21 12 6 1 21 1 21 6 21 12 21 4 21 12 21 4 4 21 6 7 21 18 4 1 21 1 6 21 1 12 12 3 1 4 4 21 7 12 18 12 1 4 21 3 12 21 1 21 18 1 18 18 12 21 6 3 6 18 12 1 1 3 4 1 7 21 1 1 12 3 6 1 1 21 21 12 4 3 12 12 4 12 12 12 6 12 7 12 21 7 4 6 1 18 12 12 4 12 12 1 18 4 6 21 18 1 1 21 21 21 4 12 6 3 6 
p29的运行结果如下：
14932
0 0 1 0 1 1 1 1 0 0 0 1 0 0 1 1 0 1 0 0 1 0 0 0 1 0 1 0 0 0 
7 12 7 3 7 6 18 25 5 12 27 15 3 21 8 3 15 18 6 18 3 8 27 5 25 15 3 25 6 25 6 12 7 6 21 21 25 16 8 18 12 15 16 15 25 15 5 21 12 15 25 8 15 6 7 21 18 12 8 15 18 6 21 12 12 12 25 18 16 25 21 7 6 8 16 15 27 21 8 25 21 8 21 18 8 18 8 5 21 25 3 25 3 12 8 25 3 5 12 7 7 3 18 12 3 12 8 12 15 3 15 15 3 18 12 5 25 16 25 6 12 15 12 21 7 5 6 27 8 6 18 12 25 27 3 15 8 6 21 18 18 21 21 18 15 8 12 6 3 6 
p30的运行结果如下：
12034
1 0 1 0 0 1 1 0 1 0 0 1 0 0 1 1 0 1 0 0 1 0 1 0 1 1 0 0 0 0 
7 12 7 3 9 6 3 25 15 18 23 9 9 21 18 15 15 18 6 12 3 1 23 18 6 9 3 25 6 25 6 26 7 26 21 21 25 16 1 15 1 15 16 9 25 15 1 21 12 9 6 15 15 6 7 21 18 12 1 15 1 6 21 12 12 12 23 1 23 23 21 7 12 18 25 9 23 21 15 25 21 1 21 18 3 18 18 1 21 6 3 25 3 12 1 25 3 3 26 7 9 18 18 26 3 26 1 12 15 9 15 3 3 12 12 12 25 16 25 25 6 9 26 9 9 1 6 25 1 26 1 12 25 6 9 15 18 6 21 18 1 9 21 15 9 26 12 6 3 6 
p31的运行结果如下：
14157
1 0 1 0 0 1 1 1 1 0 0 1 0 0 1 1 0 1 0 0 1 0 0 0 1 0 0 0 0 0 
21 12 7 3 21 6 3 25 15 18 25 9 9 21 3 15 15 18 6 12 3 8 12 18 6 9 3 25 6 25 12 12 7 12 21 21 25 16 8 15 1 15 16 15 25 15 8 21 12 9 6 15 15 6 7 21 18 1 1 15 1 6 21 1 1 12 25 1 16 6 9 7 12 18 25 9 16 21 15 25 21 8 21 18 3 18 18 8 21 6 3 25 18 1 18 6 3 3 12 7 9 18 18 12 3 12 18 1 9 9 15 15 3 12 12 1 25 16 25 25 6 9 12 21 9 8 6 25 1 1 1 1 25 1 9 15 18 6 21 18 1 9 21 15 9 12 12 6 3 6 
p32的运行结果如下：
16813
1 0 1 1 0 1 1 0 1 0 0 1 0 0 1 1 0 1 0 0 1 0 0 0 1 0 0 0 0 0 
21 12 7 3 9 6 3 25 15 18 16 9 9 21 4 15 15 18 6 12 3 18 25 4 12 9 3 25 6 16 1 1 7 12 21 21 25 16 1 15 1 15 16 9 25 15 18 9 1 9 6 3 15 6 7 21 18 1 1 15 1 6 21 12 12 12 6 1 16 16 21 7 6 18 25 9 25 21 15 25 21 1 9 18 3 18 3 1 21 6 3 25 18 12 18 6 3 4 12 21 9 18 15 1 3 6 18 1 15 9 15 15 3 12 12 1 25 16 25 25 6 9 12 21 9 4 6 25 1 12 1 12 25 25 9 15 18 6 21 18 1 9 21 15 9 12 12 6 3 6 
p33的运行结果如下：
12490
0 0 1 0 1 1 1 0 0 0 0 1 0 0 1 1 0 1 0 0 1 0 0 0 1 0 1 0 0 0 
21 12 7 3 7 6 3 25 15 18 25 21 15 21 18 15 15 18 6 12 3 5 6 3 6 21 3 25 6 25 6 12 7 12 21 21 25 16 5 15 18 15 16 3 25 15 5 21 12 15 12 3 15 6 7 21 18 12 12 15 18 6 21 12 12 12 25 18 25 25 21 7 12 18 25 21 27 21 15 6 21 18 21 18 3 18 18 5 21 6 3 25 18 12 18 25 3 3 12 7 15 18 18 12 3 6 5 12 15 15 15 3 3 12 12 18 25 25 25 25 6 15 12 21 21 5 6 25 12 6 18 12 25 6 15 15 18 6 21 18 18 15 21 15 21 12 12 6 3 6 
p34的运行结果如下：
10813
1 0 1 0 0 1 0 0 1 0 0 1 0 0 1 0 0 1 0 0 1 0 0 0 1 0 0 0 0 0 
21 12 21 3 21 6 3 25 15 18 25 9 9 21 18 15 15 18 6 12 3 1 6 18 6 9 3 25 6 25 6 12 9 12 21 21 25 25 1 15 1 15 25 9 25 15 1 21 12 9 6 15 15 6 9 21 18 1 12 15 1 6 21 12 12 12 25 1 6 25 21 21 12 18 25 9 25 21 15 6 21 1 21 18 18 18 18 1 21 6 3 25 18 12 18 6 3 3 12 21 9 18 18 12 3 6 18 12 15 9 15 15 3 12 12 12 25 25 25 25 6 9 12 21 9 1 6 25 1 12 1 12 25 6 9 15 1 6 21 18 1 9 21 15 9 12 12 6 3 6 
p35的运行结果如下：
13625
0 0 1 0 0 1 1 0 0 0 0 1 0 0 1 1 0 1 0 0 1 0 0 0 1 0 0 0 0 0 
7 12 7 3 7 6 3 25 3 18 25 21 15 21 3 15 18 18 12 12 3 18 25 3 6 21 3 25 6 25 6 12 7 12 21 21 25 16 18 15 18 15 16 3 25 15 6 21 12 15 6 15 15 6 7 21 18 6 12 15 18 6 21 12 12 12 25 18 16 25 21 7 12 18 25 21 25 21 15 25 21 18 21 18 3 18 3 6 21 6 3 25 3 12 18 6 3 3 6 7 15 18 18 12 3 6 18 12 15 15 15 15 3 12 12 6 25 25 25 25 6 15 6 21 15 18 6 25 12 12 18 12 25 12 21 15 3 6 21 18 18 15 21 15 21 6 12 6 3 6 
p36的运行结果如下：
16041
1 0 1 0 0 1 1 0 0 0 0 1 0 0 1 1 0 1 0 0 1 0 0 0 0 0 0 0 0 0 
21 12 7 3 7 6 3 6 3 18 16 21 15 21 18 15 15 18 6 12 3 1 12 18 6 21 3 6 6 16 12 12 7 12 21 21 6 16 1 15 1 15 16 15 12 15 3 21 12 15 1 15 15 6 7 21 18 1 1 15 1 6 21 1 12 12 6 1 12 16 15 7 12 18 16 21 16 21 3 6 21 1 21 18 18 18 18 18 21 6 3 6 18 1 18 1 3 3 12 7 7 18 18 12 3 12 18 1 15 15 15 15 3 12 12 1 6 16 12 6 12 21 12 21 7 18 6 16 1 12 1 1 6 1 15 15 1 6 21 18 1 21 21 15 21 1 12 6 3 6 
p37的运行结果如下：
13790
0 0 1 0 1 1 1 0 0 0 0 0 0 0 0 1 0 1 0 0 1 0 0 0 1 0 0 0 0 0 
21 18 7 3 21 6 3 25 3 18 25 21 21 21 3 3 18 18 6 18 3 5 6 3 6 21 3 25 6 25 6 6 7 6 21 21 25 16 5 3 18 3 16 3 25 18 5 21 6 21 6 3 18 6 7 21 18 5 5 18 18 6 21 6 18 6 25 18 25 25 21 7 6 18 25 21 25 21 3 25 21 18 21 18 3 18 3 5 21 6 3 25 3 18 18 25 3 3 6 7 21 3 18 6 3 6 5 18 3 21 18 3 3 18 6 6 25 25 25 25 6 21 6 21 21 5 6 18 18 6 18 5 25 6 21 18 5 6 21 18 18 21 21 18 21 6 6 6 3 6 
p38的运行结果如下：
11775
1 0 1 0 0 1 0 0 0 0 0 1 0 0 1 0 0 0 0 0 1 0 0 0 0 0 0 0 0 0 
21 12 21 3 21 6 3 6 15 1 12 21 21 21 3 15 15 1 6 12 3 1 12 3 12 21 3 6 6 6 12 12 21 12 21 21 6 6 1 15 1 15 6 15 6 15 1 21 12 15 12 15 15 6 21 21 3 12 1 15 1 6 21 12 12 12 6 1 12 6 21 21 12 1 6 21 12 21 15 6 21 1 21 1 3 1 3 1 21 12 3 6 1 12 1 6 3 15 12 21 21 1 15 12 3 12 1 12 15 15 15 15 3 12 12 1 6 6 6 6 6 15 12 21 15 1 12 6 1 12 1 12 6 12 21 15 1 6 21 1 1 15 21 15 21 12 12 6 3 6 
p39的运行结果如下：
13535
1 0 1 0 0 1 1 0 0 0 0 1 0 0 1 0 0 0 0 0 1 0 0 0 0 0 0 0 0 0 
21 12 7 3 7 6 15 6 15 1 12 21 21 21 3 15 15 1 12 12 3 1 12 3 12 21 3 6 6 6 6 12 7 12 21 21 6 6 3 15 1 15 12 21 6 15 1 21 12 15 12 15 15 6 21 21 3 1 1 15 1 6 21 12 12 12 6 1 12 6 21 7 12 1 6 21 6 21 3 12 21 1 21 1 3 1 3 1 21 6 3 6 1 12 1 6 3 3 12 21 21 1 15 12 3 12 1 12 15 15 15 15 3 12 12 6 6 6 6 6 6 21 12 21 21 1 6 6 1 12 1 1 6 12 21 15 1 6 21 1 1 21 21 15 21 12 12 6 3 6 
p40的运行结果如下：
25507
0 0 1 0 0 1 1 0 0 0 0 1 0 0 0 0 0 0 0 0 1 0 0 0 0 0 0 0 0 0 
7 6 7 3 7 6 3 12 7 12 7 7 21 21 21 21 3 12 6 12 12 12 7 21 21 21 3 12 6 7 3 6 7 6 21 21 12 6 21 3 12 21 6 7 6 21 3 21 6 21 3 12 3 6 7 21 3 3 3 12 12 6 21 6 12 6 6 12 7 21 7 7 12 3 12 21 12 21 21 6 7 12 7 12 3 12 3 3 21 12 3 6 3 12 3 6 3 7 3 7 7 3 3 12 3 12 3 12 21 21 12 21 3 12 6 7 6 6 6 6 6 7 6 21 7 12 6 21 3 7 12 12 12 7 7 12 3 6 21 12 12 7 21 3 21 6 12 6 3 6 
p41的运行结果如下：
7155
1 1 1 1 0 0 1 0 1 1 
7 7 1 2 3 3 4 4 9 4 2 7 3 7 3 3 4 4 9 7 7 2 2 2 7 7 7 7 9 9 9 1 1 1 4 3 3 7 7 3 3 4 4 4 4 1 1 4 7 2 2 7 7 7 10 3 3 4 9 9 1 1 2 4 1 7 7 7 7 1 1 1 7 1 4 3 3 3 7 4 10 3 10 10 10 10 10 3 3 3 
p42的运行结果如下：
6716
1 1 0 0 0 0 1 0 1 1 0 0 1 1 1 0 0 0 0 0 
13 9 14 15 1 1 1 14 2 2 10 9 7 7 7 1 1 14 15 15 15 10 10 9 9 13 10 13 14 14 1 7 7 9 9 7 7 1 1 2 2 13 14 9 10 15 13 7 1 7 2 14 2 14 14 10 14 15 9 15 10 10 14 14 10 14 1 1 7 7 7 13 7 7 7 7 9 9 7 7 
p43的运行结果如下：
6393
0 1 0 0 0 1 0 0 1 1 0 0 1 0 1 1 0 0 0 0 0 0 0 0 0 0 0 0 1 0 
2 9 16 6 2 10 10 9 2 6 6 2 15 10 13 16 16 16 13 10 2 15 10 9 16 15 6 16 6 6 6 6 15 15 10 10 2 13 16 16 13 13 29 6 6 15 15 9 10 16 9 2 10 13 16 16 16 9 2 29 6 29 2 6 6 29 29 13 2 6 
p44的运行结果如下：
7730
1 1 1 1 1 0 1 0 1 1 
5 5 5 5 5 5 5 5 7 1 1 1 7 1 1 1 2 2 7 2 2 7 2 3 3 3 3 3 3 3 3 4 4 4 4 4 4 4 4 4 5 1 7 2 9 9 7 5 4 10 7 7 5 4 9 9 9 10 3 4 5 5 10 4 5 7 7 9 7 1 5 4 10 7 10 9 7 7 5 3 5 10 10 10 3 10 7 5 7 5 
p45的运行结果如下：
7419
1 1 0 0 1 1 0 0 1 1 0 0 1 1 1 0 0 0 0 0 
1 1 1 1 1 1 1 2 2 2 9 2 2 2 14 9 14 9 10 9 14 5 5 5 5 5 5 5 5 6 6 6 6 6 6 6 6 6 1 1 9 13 5 13 14 15 14 14 14 6 9 9 15 15 14 6 15 1 13 10 13 10 1 14 9 14 13 9 10 14 14 13 14 14 15 15 9 15 10 14 
p46的运行结果如下：
7450
1 1 0 0 0 1 0 0 1 1 0 0 1 0 1 1 0 0 0 0 0 0 0 0 0 0 0 0 0 0 
1 1 15 1 1 1 1 2 2 2 16 2 16 2 2 15 13 15 16 15 16 6 6 6 6 6 6 9 9 9 9 9 10 10 1 15 15 6 6 16 10 13 16 1 15 15 16 6 10 13 10 6 6 16 15 10 10 16 15 6 16 16 1 16 15 6 15 10 16 13 
p47的运行结果如下：
10030
1 1 0 1 0 1 0 1 1 1 
8 1 8 8 1 1 1 4 1 9 2 2 4 2 2 4 1 4 9 4 4 4 4 4 4 4 4 4 6 4 4 4 4 4 4 6 4 6 4 4 4 4 4 4 4 4 4 6 6 6 6 6 6 6 8 9 6 8 8 8 6 6 8 8 8 8 1 1 8 8 8 8 8 8 8 8 8 9 8 9 8 8 8 10 8 10 10 9 8 10 
p48的运行结果如下：
7023
1 1 0 0 0 1 0 0 1 1 1 0 1 0 1 0 1 0 0 0 
1 2 1 1 2 1 1 1 1 2 6 2 6 1 13 6 6 6 6 6 6 6 6 6 10 6 6 11 10 10 10 10 9 9 13 9 9 10 10 10 10 10 11 11 11 11 11 11 13 13 11 11 17 13 11 15 15 13 15 9 1 15 15 15 15 17 17 17 17 17 17 17 17 17 17 1 17 1 17 1 
p49的运行结果如下：
7963
0 1 0 0 0 1 0 0 1 0 0 0 1 0 1 0 1 0 0 0 0 1 0 0 0 0 0 0 1 0 
6 2 2 2 29 6 6 6 6 15 6 6 6 13 6 6 17 9 6 13 6 6 2 2 9 9 9 17 13 13 17 15 17 15 9 17 17 17 17 17 17 17 17 13 17 2 17 17 22 17 22 15 6 22 22 22 22 22 22 2 17 6 22 2 29 29 6 29 29 29 
p50的运行结果如下：
10625
1 1 0 0 0 1 1 1 1 1 
8 7 8 1 10 10 8 6 8 8 8 1 10 10 7 10 6 6 6 8 7 7 1 1 1 7 9 9 8 8 8 8 8 8 8 6 2 7 1 7 7 6 7 2 6 6 6 6 6 8 8 8 7 7 1 1 7 7 2 6 6 8 8 8 8 8 1 1 9 8 8 7 7 7 7 8 1 8 8 7 8 6 6 2 10 7 7 8 6 8 10 2 7 6 2 2 2 2 2 6 
p51的运行结果如下：
8331
1 1 0 0 0 1 0 0 0 0 1 0 1 1 1 1 0 0 0 0 
16 1 16 11 13 1 6 6 16 2 6 15 14 14 1 14 13 6 6 16 1 1 11 15 15 15 2 16 16 16 2 6 16 16 16 6 1 1 11 1 1 1 1 14 6 6 6 2 6 16 16 6 1 15 15 11 1 1 13 13 6 6 2 6 16 16 11 15 2 2 16 1 1 1 11 16 15 16 16 15 16 6 6 14 13 14 14 6 14 2 14 14 14 14 14 13 14 14 6 14 
p52的运行结果如下：
10373
0 0 0 1 1 1 1 1 1 1 
8 8 8 8 8 8 8 8 4 5 5 5 4 5 5 5 5 6 9 9 9 9 6 4 4 10 10 7 6 10 6 10 6 6 7 7 7 7 7 7 7 7 7 7 8 8 5 9 9 10 6 4 5 7 8 10 4 4 4 5 8 4 6 4 4 4 4 8 5 8 7 7 5 4 4 6 4 5 8 6 7 4 4 6 6 4 4 8 6 4 6 4 7 7 6 7 4 5 4 8 
p53的运行结果如下：
10239
0 1 0 0 0 1 1 0 1 1 0 0 1 1 0 1 0 0 1 0 
6 6 6 6 6 6 6 7 7 2 2 7 7 7 7 7 7 14 13 14 13 14 13 14 13 10 16 10 10 10 10 10 16 10 19 19 19 19 19 19 19 19 19 19 6 7 7 13 13 10 16 14 7 19 6 16 14 2 2 7 19 16 16 14 14 14 16 6 6 6 19 19 7 14 2 16 13 7 7 9 19 2 14 16 16 7 14 7 16 9 16 9 19 16 16 19 2 7 14 7 
p54的运行结果如下：
11733
1 1 1 1 0 1 1 0 1 1 
3 9 3 3 3 3 3 3 3 3 3 3 3 3 3 3 3 3 3 4 2 2 2 2 2 2 4 4 4 4 4 4 4 4 4 4 4 4 4 7 4 9 6 7 7 9 4 4 4 4 4 4 7 7 7 7 4 7 7 7 7 6 1 7 6 6 6 7 7 7 1 6 1 1 6 1 1 1 1 7 7 6 6 6 6 6 6 9 6 6 6 10 10 3 10 10 3 6 3 10 
p55的运行结果如下：
11025
1 0 1 0 0 0 1 0 1 1 1 0 1 1 1 0 0 0 0 0 
7 3 7 7 7 3 9 9 3 7 3 3 3 3 9 3 3 3 3 7 13 13 13 7 13 7 7 7 7 7 7 15 15 7 7 7 7 7 7 11 1 1 1 11 1 1 1 1 1 1 1 15 11 11 11 11 11 11 11 11 11 11 1 11 14 11 11 11 11 14 10 11 14 10 3 14 10 14 10 10 14 14 14 14 14 14 10 3 14 14 14 14 3 3 9 3 3 13 3 9 
p56的运行结果如下：
24596
1 0 1 1 1 0 0 1 1 0 1 1 1 0 0 1 0 0 0 1 0 0 1 1 1 0 1 1 0 0 
28 20 25 23 3 13 16 28 23 12 5 12 9 4 28 23 4 11 23 1 28 25 16 25 11 28 28 20 5 3 20 20 5 16 28 13 9 9 25 16 8 9 27 5 4 20 4 3 20 27 25 25 1 16 9 13 8 27 23 8 5 1 8 9 4 12 24 27 20 13 8 13 20 9 24 24 24 24 9 25 24 11 27 8 5 24 27 3 28 8 12 27 8 12 1 4 28 13 1 1 20 16 12 8 5 1 5 25 23 4 27 5 28 13 13 9 28 28 11 9 27 12 20 20 27 16 3 12 27 1 28 25 12 11 24 9 4 4 11 11 13 23 12 12 8 3 25 16 28 12 25 1 24 1 9 12 3 16 4 4 4 28 11 3 24 25 1 5 4 16 24 9 27 11 27 3 1 11 5 11 24 16 3 27 13 9 12 24 25 25 3 16 5 5 8 13 8 16 11 20 
p57的运行结果如下：
31307
1 0 1 0 1 0 0 1 1 0 1 0 1 1 0 1 0 0 0 0 0 0 1 1 1 1 1 1 0 1 
8 5 25 23 3 13 16 28 23 1 30 5 11 24 27 8 14 11 23 1 28 25 24 25 11 8 23 27 30 16 5 5 27 25 28 13 9 9 25 16 8 9 5 27 9 27 14 3 1 11 25 25 3 16 9 5 26 9 23 8 30 1 8 9 14 13 1 24 13 26 8 13 5 9 24 24 14 1 9 23 11 11 27 8 30 11 5 3 28 26 28 5 26 26 3 14 25 13 1 25 27 16 26 8 5 25 30 25 23 14 27 30 28 13 13 9 28 8 24 9 9 28 1 5 27 16 3 26 27 14 26 25 26 11 24 9 14 14 28 24 13 23 13 26 26 3 25 16 23 26 28 1 24 1 14 26 3 16 14 14 14 28 11 25 24 28 24 5 14 16 24 14 27 27 27 3 1 11 30 11 3 16 3 5 8 9 13 14 1 25 3 16 5 30 8 13 8 16 11 27 
p58的运行结果如下：
43265
1 1 1 0 1 0 0 1 1 0 1 1 1 0 0 1 0 0 0 0 0 0 1 1 0 1 1 1 0 1 
8 5 3 23 16 13 16 28 23 12 30 12 11 2 12 8 2 24 23 23 28 23 24 23 11 8 28 12 30 16 27 5 5 23 28 13 9 9 23 16 8 27 12 30 9 5 24 16 27 11 23 23 1 16 9 13 26 27 23 8 30 1 8 9 9 26 1 5 12 13 8 13 5 27 24 24 27 24 9 23 11 1 27 26 30 24 5 3 28 8 12 5 26 26 1 2 26 13 1 12 27 16 26 8 5 1 5 28 23 2 27 30 28 13 13 9 28 26 11 9 27 12 27 5 27 16 3 12 27 1 26 28 26 11 2 9 2 2 12 24 13 23 12 12 26 24 3 16 28 26 3 1 24 1 9 12 24 16 2 2 2 28 11 3 24 28 2 5 2 16 2 9 24 11 27 3 1 11 30 11 24 16 3 5 13 9 12 24 24 3 24 3 30 30 8 13 8 16 11 30 
p59的运行结果如下：
30710
0 0 1 0 1 0 1 0 0 0 1 0 0 1 1 0 1 1 1 1 0 0 1 1 1 1 0 0 1 1 
19 20 17 23 3 7 3 29 23 20 5 29 24 24 20 19 14 11 23 18 19 17 3 25 11 23 23 20 30 3 7 5 5 17 23 5 15 14 25 17 19 15 7 5 14 20 14 17 20 15 25 17 25 17 11 7 19 15 23 26 30 18 19 15 14 20 24 18 29 7 19 7 7 15 24 11 11 18 15 17 24 11 15 26 30 24 20 3 23 19 29 5 26 26 3 14 29 7 18 29 29 17 26 19 5 25 5 25 23 14 20 5 19 20 29 11 29 23 18 14 15 19 18 20 5 17 3 26 15 18 18 25 26 11 24 20 14 14 15 15 26 23 29 26 26 11 25 17 23 26 25 18 11 18 14 26 3 17 14 14 14 23 11 25 24 29 24 5 14 17 24 11 20 15 5 3 18 11 30 11 3 17 25 20 7 15 29 24 18 3 3 17 7 5 26 7 19 17 24 20 
p60的运行结果如下：
25741
1 0 1 1 1 0 0 1 1 0 1 0 0 0 0 1 0 0 0 1 0 0 0 0 0 1 0 1 0 1 
8 20 16 28 3 5 16 28 8 28 5 26 9 11 5 8 4 11 28 28 28 16 3 3 11 28 28 20 30 3 20 20 5 16 28 5 9 9 1 16 8 9 5 5 9 20 4 16 20 11 28 28 3 16 9 5 8 9 8 8 30 1 8 9 4 8 1 20 20 26 8 26 20 9 11 4 11 3 9 28 11 1 9 26 30 11 5 3 28 8 28 5 8 26 3 4 28 20 1 5 20 16 26 8 5 1 5 28 16 4 20 5 28 26 26 9 8 8 11 9 9 26 20 20 9 16 3 26 20 1 28 3 26 11 11 9 4 4 1 11 26 28 26 26 26 3 1 16 28 26 1 1 4 1 9 26 3 16 4 4 4 28 11 1 3 28 3 5 4 16 4 9 5 11 5 3 1 11 30 11 3 16 1 20 26 9 8 4 1 3 3 16 5 5 8 20 8 16 11 20 
p61的运行结果如下：
30733
1 0 1 1 1 0 0 1 1 0 1 0 0 0 1 1 0 0 0 0 0 0 0 0 0 1 0 1 0 0 
8 15 16 16 3 26 16 28 28 1 5 15 11 4 15 8 4 9 28 28 28 16 3 3 11 8 28 15 15 16 15 5 5 16 28 15 9 9 1 16 28 9 8 5 9 5 4 3 15 15 1 16 3 16 9 26 26 9 8 26 5 1 8 9 4 8 1 15 15 26 8 26 5 9 11 11 9 3 9 16 11 1 9 26 5 11 15 3 28 26 1 15 8 26 3 4 28 8 1 15 26 16 26 8 5 1 5 28 28 4 15 5 28 26 8 9 28 8 15 9 15 8 15 5 15 16 3 8 5 1 28 16 26 11 11 9 4 4 15 11 26 28 8 26 26 3 1 16 3 26 1 1 11 1 9 8 3 16 4 4 4 28 11 3 11 28 3 5 4 16 11 9 15 11 5 1 1 11 5 11 3 16 3 15 28 9 8 11 1 3 3 16 15 5 8 26 8 16 11 15 
p62的运行结果如下：
36447
1 1 1 0 1 0 1 1 1 0 1 0 1 0 0 1 0 0 0 0 0 0 0 0 0 0 0 0 1 0 
8 7 3 16 3 13 16 29 3 29 5 29 11 2 7 8 2 11 1 1 8 16 2 1 11 29 1 29 7 16 7 5 5 16 29 7 9 9 1 16 8 9 7 5 9 5 9 16 7 11 1 16 3 16 9 7 13 9 8 8 5 11 8 9 9 13 2 29 29 13 8 13 7 9 11 2 11 3 9 16 11 1 9 8 5 11 7 3 1 8 29 7 8 8 1 2 29 7 1 29 29 16 13 8 5 1 5 3 16 2 7 5 8 13 13 9 29 8 1 9 9 13 29 7 5 16 3 13 5 1 1 3 13 11 2 9 2 2 29 11 13 1 13 13 8 3 3 16 29 8 1 1 11 1 9 29 3 16 9 2 2 1 11 3 16 29 2 5 2 16 2 9 7 11 5 3 1 11 5 11 16 16 3 7 13 9 29 2 29 3 3 16 7 5 8 13 8 16 11 7 
p63的运行结果如下：
30990
0 0 0 0 1 0 1 0 0 0 0 0 0 1 0 1 0 1 1 0 0 0 0 1 1 1 0 0 1 1 
19 7 16 19 16 7 16 29 19 29 5 29 24 14 29 19 14 14 19 19 19 16 24 25 24 19 25 29 30 16 7 7 5 16 26 7 14 14 25 16 19 30 7 5 14 5 14 25 7 18 25 16 25 25 14 7 26 30 19 26 30 18 26 18 24 26 24 29 29 26 19 7 5 5 24 24 14 24 14 16 24 18 5 26 30 24 7 24 25 26 29 7 26 26 16 14 19 7 18 29 29 16 26 19 5 18 5 25 25 18 7 5 25 7 7 18 29 26 18 14 18 26 18 5 5 16 25 29 5 18 19 25 26 14 24 5 14 14 29 7 26 19 7 26 26 18 25 16 19 26 19 18 24 18 14 29 16 16 5 7 14 18 24 25 16 29 16 5 14 16 14 18 29 18 5 16 29 18 30 14 16 16 25 18 26 5 29 24 29 25 16 16 7 5 26 7 19 16 24 7 
p64的运行结果如下：
25463
1 0 1 1 0 0 0 1 1 0 0 0 1 0 0 1 0 0 0 1 0 0 0 0 0 0 0 1 0 1 
28 20 3 28 3 13 16 28 8 1 30 20 9 4 20 8 4 9 28 1 28 16 3 1 9 28 28 20 30 16 20 20 30 16 28 13 9 9 28 16 8 9 13 30 9 20 4 3 20 9 1 3 3 16 9 13 13 20 28 8 30 1 8 4 9 13 3 20 20 13 8 13 20 20 1 3 9 1 9 28 4 1 20 8 30 4 30 3 28 8 1 20 13 8 3 4 13 13 1 20 20 16 13 28 30 1 30 3 28 4 20 30 28 13 13 9 28 8 1 9 9 13 28 20 20 16 3 13 20 1 13 3 8 9 4 9 4 4 1 1 13 28 13 13 13 3 28 16 28 8 28 1 1 1 9 13 3 16 4 4 4 28 9 3 3 28 3 30 4 16 4 9 20 9 30 3 1 20 30 3 3 16 3 20 13 9 20 4 1 3 3 3 20 30 8 13 8 16 9 20 
p65的运行结果如下：
33646
1 0 1 0 1 0 1 0 0 0 1 0 0 0 0 1 0 0 0 0 0 0 0 0 0 1 0 1 0 0 
28 7 16 16 3 26 16 28 28 28 5 7 11 3 7 28 11 11 28 1 28 16 3 1 11 28 28 7 5 16 7 7 5 16 28 7 11 5 3 16 26 5 7 5 5 5 1 16 7 1 1 16 3 16 5 7 26 5 28 26 5 1 26 5 11 26 3 1 7 26 28 26 7 5 1 11 11 11 11 16 11 1 5 26 5 11 5 3 28 26 28 7 26 26 3 1 26 7 1 7 7 16 26 28 5 1 5 16 28 3 7 5 28 7 26 7 28 26 1 11 11 26 28 7 5 16 3 26 5 1 26 16 26 1 3 11 3 3 7 11 7 28 7 26 26 3 1 16 28 26 1 1 11 1 5 26 3 16 5 11 3 28 1 3 3 1 16 5 1 16 3 11 7 11 5 3 1 11 5 11 3 16 3 7 26 5 28 3 1 3 3 16 7 5 26 7 28 16 11 7 
p66的运行结果如下：
34429
1 0 1 1 1 0 0 1 0 0 1 0 1 0 0 0 0 0 0 0 0 0 0 0 0 0 0 0 1 0 
8 29 3 1 3 13 3 29 8 29 5 29 11 4 29 8 4 11 1 1 8 3 11 1 11 8 1 29 5 1 5 5 5 3 29 13 11 4 1 3 8 11 13 5 4 5 4 3 29 11 1 1 1 1 4 13 13 11 8 8 5 1 8 4 4 13 3 29 29 13 8 13 5 4 11 11 11 11 11 3 11 1 11 8 5 11 5 3 1 8 29 5 8 8 3 4 29 13 1 29 29 3 13 8 5 1 5 1 8 4 5 5 29 13 13 4 29 8 29 4 5 13 29 5 5 3 3 13 5 1 29 3 13 11 4 4 4 4 29 11 13 8 13 13 8 1 3 3 1 8 1 1 4 1 4 29 3 3 4 4 4 29 11 3 11 29 3 5 4 3 4 4 29 11 5 3 1 11 5 11 3 3 3 13 13 4 29 11 1 1 3 3 13 5 8 13 8 3 11 29 
p67的运行结果如下：
29253
0 0 0 0 1 0 1 0 0 0 0 0 0 1 0 1 0 1 1 0 0 0 0 1 1 1 0 0 1 1 
19 7 16 19 24 7 16 29 19 29 5 29 14 24 29 19 14 24 19 18 19 16 24 25 14 19 25 29 30 16 7 5 5 16 29 7 29 14 25 16 19 30 7 30 30 5 14 16 29 18 25 16 25 16 30 7 19 30 19 26 30 25 26 30 14 26 24 18 29 26 19 7 7 5 24 14 14 24 14 16 24 18 30 26 30 14 7 24 19 26 29 7 26 26 24 14 29 7 18 29 29 16 26 19 5 25 5 25 19 24 5 30 19 7 7 5 29 26 18 24 5 26 18 5 5 16 25 26 5 18 29 25 26 18 14 5 14 14 29 24 7 19 29 26 26 18 25 16 19 26 25 18 24 18 7 29 16 16 18 14 14 29 14 25 24 19 24 5 24 16 24 18 29 18 5 16 18 18 30 18 16 16 25 7 7 18 29 24 18 25 18 16 7 7 26 7 26 16 14 29 
p68的运行结果如下：
24219
1 0 1 1 1 0 0 1 1 0 0 0 1 0 0 1 0 0 0 1 0 0 0 1 0 0 0 1 0 0 
8 20 3 28 3 13 16 28 28 28 5 24 9 4 13 8 4 9 28 1 28 16 3 1 9 8 28 20 9 3 20 20 5 16 28 13 9 9 28 16 8 9 13 5 9 20 4 3 20 20 1 28 3 16 9 13 8 9 8 8 5 1 8 9 4 13 1 20 20 13 8 13 20 9 24 24 9 24 9 3 24 1 9 8 5 24 9 3 28 8 28 20 8 8 1 4 28 20 1 1 20 16 13 8 5 1 5 28 28 4 20 5 28 13 13 9 28 8 1 9 9 13 1 20 9 16 3 13 20 1 28 3 13 9 24 9 4 4 1 24 13 28 13 13 8 3 3 16 28 8 1 1 24 1 9 28 3 16 4 4 4 28 4 1 3 28 24 5 4 16 24 9 1 1 5 3 1 24 5 9 3 16 3 13 13 9 13 24 1 3 3 16 5 5 8 13 8 16 24 20 
p69的运行结果如下：
28764
1 1 1 0 1 0 1 1 1 0 1 0 0 0 0 0 0 0 0 0 0 1 0 0 0 1 0 1 0 0 
8 7 22 28 3 7 22 28 28 28 5 7 11 2 1 8 2 11 28 1 28 22 3 1 11 28 28 1 7 3 7 5 5 22 28 7 9 9 28 22 8 9 7 7 9 5 9 22 1 11 1 22 3 22 9 26 8 9 8 8 7 1 8 9 9 26 3 11 1 26 8 26 7 9 11 2 11 1 9 22 11 1 9 26 5 11 7 3 28 8 28 7 8 26 3 2 26 26 1 7 1 22 26 8 5 1 5 22 22 2 7 5 28 7 26 9 28 8 1 9 9 8 1 5 9 22 3 8 9 1 1 22 26 9 2 9 2 9 1 11 8 28 8 26 26 3 22 22 28 26 28 1 2 1 9 28 3 22 9 2 2 28 11 3 11 28 2 5 2 22 2 9 7 11 5 3 1 11 7 11 3 22 3 7 26 9 28 11 1 22 3 22 7 7 8 26 8 22 11 7 
p70的运行结果如下：
41335
1 1 1 0 1 0 0 1 1 0 1 0 1 0 0 0 0 0 0 0 0 0 0 0 0 0 0 1 0 1 
28 30 3 8 3 13 3 28 28 8 30 9 11 2 8 8 2 11 28 1 28 8 2 1 11 8 28 11 30 3 5 5 5 2 28 30 9 9 28 2 8 9 13 30 9 5 9 3 30 11 2 28 1 1 9 13 28 9 8 8 30 1 8 9 9 8 1 9 13 13 8 13 5 9 11 11 9 3 9 8 2 2 9 8 30 11 30 3 28 8 13 30 8 8 1 2 8 13 1 5 11 3 8 8 5 1 5 28 28 2 9 5 28 13 13 9 1 8 9 9 9 8 11 5 5 28 3 13 30 1 28 3 8 9 2 9 2 2 13 11 13 28 13 8 8 2 3 3 28 8 1 1 2 1 9 13 2 28 9 2 2 28 11 1 2 28 2 30 2 2 2 9 9 5 5 3 1 11 30 11 2 3 1 13 13 9 28 11 1 3 3 28 30 30 8 13 8 2 11 5 
p71的运行结果如下：
29691
0 0 1 0 1 0 1 0 0 0 1 0 0 1 0 0 1 1 1 0 0 0 0 1 1 1 0 0 1 1 
19 5 3 17 3 7 3 19 17 29 5 18 14 14 11 26 14 11 25 17 19 17 3 25 24 17 24 29 30 3 7 5 5 17 25 30 11 11 25 17 19 14 7 30 14 5 14 17 5 11 25 17 25 17 14 7 19 11 19 26 30 18 26 11 14 26 18 18 29 18 19 7 7 11 24 24 11 24 11 17 24 18 5 26 30 11 30 3 25 19 29 7 26 26 3 14 29 7 18 29 29 17 26 19 5 25 5 25 17 11 7 30 19 7 26 14 29 26 18 14 5 26 29 5 30 17 3 26 30 18 29 25 26 11 24 24 14 14 29 11 26 17 29 26 26 3 25 17 19 26 25 18 24 18 14 19 3 17 14 14 14 3 24 25 24 19 3 5 14 17 24 11 18 18 5 3 3 11 30 11 25 17 3 7 7 11 29 24 25 3 3 17 7 30 26 7 26 3 11 5 
