p1的运行结果如下：
8928
1 1 1 1 1 1 1 0 1 1 
9 3 2 7 4 9 3 5 5 2 10 9 4 3 9 4 5 1 10 5 4 5 7 5 3 6 2 6 1 6 3 7 1 4 10 5 5 4 1 5 2 1 2 6 5 1 3 1 5 1 
p2的运行结果如下：
7914
1 1 1 1 1 1 1 1 1 0 
9 3 2 7 4 9 3 5 5 2 5 1 4 3 9 4 5 1 7 8 4 9 7 5 3 6 2 6 1 6 3 7 1 4 5 5 5 4 1 5 2 1 2 6 8 1 5 1 5 1 
p3的运行结果如下：
9663
1 1 1 1 1 1 1 0 1 1 
9 3 2 7 4 9 3 5 5 2 10 9 4 3 9 4 5 1 10 5 4 5 7 5 3 6 2 6 1 6 3 7 1 4 10 5 5 4 1 5 2 1 2 6 5 1 3 1 5 1 
p4的运行结果如下：
11463
1 1 1 1 1 1 1 0 1 1 
9 3 2 7 4 9 3 5 5 2 10 9 4 3 9 4 5 1 10 5 4 5 7 5 3 6 2 6 1 6 3 7 1 4 10 5 5 4 1 5 2 1 2 6 5 1 3 1 5 1 
p5的运行结果如下：
9142
1 1 1 1 1 1 0 1 1 1 
9 9 2 6 4 9 3 5 5 2 10 9 4 3 9 4 5 1 10 8 4 9 10 5 3 6 2 6 1 6 3 6 1 4 10 5 5 4 1 5 2 9 2 6 8 1 3 4 8 1 
p6的运行结果如下：
7864
1 1 1 1 1 1 1 1 1 1 
9 9 2 7 4 9 3 5 5 2 10 9 1 3 9 4 3 1 10 8 4 9 7 5 3 6 2 6 1 6 3 7 1 4 10 5 5 4 1 5 2 9 2 6 8 1 10 1 5 4 
p7的运行结果如下：
9784
1 1 1 1 1 1 0 1 1 1 
9 9 2 6 4 9 3 5 5 2 10 9 4 3 9 4 5 1 10 8 4 9 10 5 3 6 2 6 1 6 3 6 1 4 10 5 5 4 1 5 2 9 2 6 8 1 3 4 8 1 
p8的运行结果如下：
11402
1 1 1 1 1 1 0 0 1 1 
9 9 2 6 4 9 3 10 5 2 10 9 4 3 9 4 3 1 10 5 4 9 10 5 3 6 2 6 1 6 3 6 4 4 10 5 5 4 1 5 2 9 2 6 5 1 10 1 3 1 
p9的运行结果如下：
8622
1 1 1 1 1 0 1 0 1 1 
9 9 2 7 4 9 3 5 3 2 10 9 4 3 9 4 5 1 10 5 4 9 7 5 3 7 2 2 1 2 3 7 1 4 10 5 5 4 1 5 2 9 2 7 5 1 5 1 5 1 
p10的运行结果如下：
7855
1 1 1 1 1 1 0 1 1 1 
9 9 2 6 4 9 3 5 5 2 10 9 4 3 9 4 5 1 10 8 4 9 10 5 3 6 2 6 1 6 3 6 1 4 10 5 5 4 1 5 2 9 2 6 8 1 5 1 5 1 
p11的运行结果如下：
9305
1 1 1 1 1 1 1 0 1 0 
9 9 2 7 4 9 3 5 5 2 5 9 4 3 9 4 3 1 7 5 4 9 7 5 3 6 2 6 1 6 3 7 1 4 5 5 5 4 1 5 2 9 2 6 5 1 3 1 5 1 
p12的运行结果如下：
11033
1 1 1 1 1 1 0 0 1 1 
9 9 2 6 4 9 3 5 5 2 10 9 4 3 9 4 5 1 10 5 4 9 10 5 3 6 2 6 1 6 3 6 1 4 10 5 5 4 1 5 2 9 2 6 5 1 3 1 5 1 
p13的运行结果如下：
9136
0 1 1 0 1 0 0 0 1 1 1 0 0 1 1 1 1 1 0 0 
17 2 11 11 2 16 18 14 15 18 16 5 2 11 14 15 16 11 5 10 15 16 16 3 10 18 17 18 2 18 14 15 3 17 2 11 9 2 5 14 10 17 16 17 9 14 15 11 3 10 
p14的运行结果如下：
7617
1 0 0 0 1 0 1 0 0 1 1 0 1 1 0 1 1 1 0 1 
17 13 11 11 20 16 18 14 13 18 16 5 20 7 14 13 16 11 5 10 13 16 16 20 7 5 17 18 13 18 14 16 14 17 18 11 18 20 20 14 7 1 1 1 10 14 13 11 20 10 
p15的运行结果如下：
9505
0 1 1 1 0 0 0 0 0 1 1 0 1 0 0 1 1 1 0 0 
17 13 11 11 2 13 18 3 13 18 16 2 2 11 3 4 16 11 18 10 13 16 16 3 10 18 17 18 2 18 3 16 3 17 4 11 4 2 2 3 10 17 17 17 4 16 13 11 3 10 
p16的运行结果如下：
12073
0 0 0 1 1 1 1 1 0 0 1 0 0 1 0 0 1 1 1 0 
17 4 11 11 19 19 18 14 8 18 8 5 5 7 14 4 6 11 5 7 19 6 8 14 7 18 17 18 4 18 14 8 14 17 4 11 4 19 5 14 7 17 6 17 4 6 8 11 5 7 
p17的运行结果如下：
9011
0 1 0 1 0 0 0 1 0 1 1 0 0 1 0 1 1 1 0 1 
17 2 11 11 2 16 18 14 8 18 16 20 2 11 14 4 16 11 18 10 16 16 16 20 10 18 17 18 2 18 14 8 14 17 4 11 4 20 20 14 10 17 16 17 4 14 8 11 20 10 
p18的运行结果如下：
7802
0 1 0 1 1 1 1 0 0 0 1 0 0 1 1 1 1 0 0 1 
17 2 11 11 2 16 4 14 15 5 16 5 2 7 14 4 16 11 5 7 15 16 16 20 7 5 17 4 2 5 14 16 14 17 4 11 4 20 20 14 7 17 6 17 4 6 15 11 20 7 
p19的运行结果如下：
9763
1 1 0 0 0 0 1 0 1 0 1 0 1 1 0 1 1 1 0 1 
17 13 11 11 2 13 18 14 13 18 16 20 2 7 14 13 16 11 18 7 13 16 16 20 7 18 17 18 2 18 14 16 14 17 2 11 9 20 20 14 7 1 1 1 9 14 13 11 20 9 
p20的运行结果如下：
11832
1 1 1 0 0 0 1 0 0 0 1 0 0 1 1 1 1 1 0 0 
17 15 11 11 2 16 18 14 15 18 16 2 2 7 14 15 16 11 18 7 15 16 16 3 7 2 17 18 2 18 14 16 3 17 2 11 18 2 2 14 7 1 1 1 7 14 15 11 3 7 
p21的运行结果如下：
9243
1 0 0 1 1 1 1 0 0 0 1 0 1 1 0 1 0 1 0 0 
1 13 11 11 13 13 18 14 13 18 16 5 13 7 14 4 16 11 5 7 13 16 16 14 7 18 1 18 4 18 14 16 14 1 4 11 4 13 5 14 7 1 6 1 4 6 13 11 5 7 
p22的运行结果如下：
7669
0 0 1 0 0 0 0 0 0 1 1 1 1 0 0 1 1 1 1 1 
17 13 11 11 20 19 18 19 13 18 16 20 20 11 3 12 16 11 18 10 13 16 16 20 10 18 17 18 13 18 3 16 3 17 12 11 12 20 20 3 11 17 16 17 12 16 13 11 20 10 
p23的运行结果如下：
9313
0 0 0 0 0 0 0 1 0 0 1 1 0 1 1 0 1 1 0 1 
17 15 11 11 20 14 18 14 15 18 8 20 20 11 14 12 8 11 18 12 15 8 8 20 11 18 17 18 18 18 14 8 14 17 12 11 12 20 20 14 11 17 17 17 12 14 15 11 20 12 
p24的运行结果如下：
12107
1 1 1 0 0 1 1 0 0 0 1 0 1 0 1 0 0 1 0 1 
1 13 11 11 2 13 18 3 15 18 6 20 2 7 3 13 6 11 18 7 13 6 6 20 7 18 1 18 2 18 3 15 3 1 2 11 18 20 20 3 7 1 6 1 7 6 15 11 20 7 
p25的运行结果如下：
13219
1 0 1 0 0 1 0 1 1 0 0 1 0 1 1 0 0 1 0 0 1 0 0 0 1 1 0 0 0 0 
21 12 14 15 21 6 18 25 15 18 25 9 9 21 3 15 15 18 6 12 3 1 6 3 6 9 3 25 6 25 6 26 14 26 21 21 25 25 1 15 1 15 25 9 25 15 8 14 12 9 6 15 15 6 21 21 18 12 12 15 1 6 21 12 12 12 25 1 25 25 21 21 12 18 25 9 25 21 15 25 21 8 14 18 18 18 3 8 21 6 3 25 8 12 8 25 3 15 26 21 9 8 18 26 3 26 8 12 15 9 15 15 3 12 12 26 25 25 25 25 6 9 26 14 9 1 6 25 1 26 1 12 25 6 9 15 8 6 21 18 1 9 21 15 9 26 26 6 3 6 
p26的运行结果如下：
12450
1 0 1 0 0 1 0 1 1 1 0 1 0 1 1 1 0 1 0 1 1 0 0 0 1 1 0 0 0 0 
21 12 14 3 21 6 3 10 15 18 10 9 9 21 20 15 15 18 6 12 3 1 6 20 6 9 20 25 6 25 6 26 21 26 21 21 25 16 1 15 1 15 16 9 25 15 8 14 12 9 6 15 15 6 14 21 18 12 12 15 1 6 21 12 12 12 25 1 6 10 21 21 12 18 25 9 25 21 15 25 21 8 14 18 20 18 3 8 21 6 3 25 18 12 18 10 3 20 26 21 9 8 18 26 3 26 8 12 15 9 15 15 3 12 12 26 25 25 25 25 6 9 26 14 9 1 6 25 1 26 1 12 25 6 9 15 8 6 21 18 1 9 21 15 9 26 26 6 3 6 
p27的运行结果如下：
14964
1 0 1 0 0 1 0 1 1 0 0 1 0 1 1 1 0 1 0 1 1 0 0 0 1 1 0 0 0 0 
21 12 14 3 21 6 3 25 15 18 25 21 9 21 20 15 15 18 6 12 3 1 6 8 6 9 20 25 6 25 6 26 14 26 21 21 25 16 1 15 1 15 16 9 25 15 8 21 12 9 6 15 15 6 21 21 18 12 1 15 1 6 21 12 12 12 25 1 6 25 21 21 12 18 25 9 25 21 15 25 21 8 21 18 20 18 18 8 21 6 3 25 3 12 8 25 3 20 26 14 9 18 18 26 3 26 8 12 15 9 15 15 3 12 12 26 25 25 25 25 6 9 26 14 9 1 6 25 1 26 1 12 25 6 9 15 1 6 21 18 1 9 21 15 9 26 26 6 3 6 
p28的运行结果如下：
17798
1 0 1 0 0 1 0 1 1 1 0 1 0 0 1 0 0 1 0 1 1 0 0 0 1 1 0 1 0 0 
21 12 21 3 21 6 3 10 15 18 10 9 9 21 20 15 15 18 6 12 3 1 6 20 6 9 20 25 6 25 6 26 21 26 21 21 25 25 1 15 1 15 25 9 25 15 8 21 28 9 6 15 15 6 21 21 18 28 12 15 1 6 21 12 12 12 10 1 10 10 21 21 12 18 25 9 10 21 15 25 21 8 21 18 20 18 18 8 21 6 3 25 18 12 8 6 3 3 26 21 9 8 18 26 3 26 8 12 15 9 15 15 3 12 12 28 25 25 25 25 6 9 26 21 9 1 6 10 1 26 1 12 25 6 9 15 8 6 21 18 1 9 21 15 9 26 26 6 3 6 
p29的运行结果如下：
13752
1 0 1 0 0 1 0 1 1 1 0 1 0 1 1 0 0 1 0 0 1 0 0 0 1 1 0 0 0 0 
21 12 14 3 21 6 3 10 15 18 10 9 9 21 3 15 15 18 6 12 3 1 10 18 6 9 3 25 6 25 6 26 14 26 21 21 25 25 1 15 1 15 25 9 25 15 1 14 12 9 26 15 15 6 14 21 18 12 12 15 1 6 21 12 12 12 10 1 10 10 21 21 12 18 25 9 10 21 15 10 21 8 14 18 18 18 18 8 21 6 3 25 18 12 18 10 3 3 26 14 9 18 18 26 3 26 18 12 15 9 15 3 3 12 12 26 25 25 25 25 6 9 26 14 9 1 6 25 1 26 1 12 25 6 9 15 8 6 21 18 1 9 21 15 9 26 26 6 3 6 
p30的运行结果如下：
12464
1 0 1 0 0 1 0 1 1 1 0 1 0 1 1 0 0 1 0 0 1 0 0 0 1 1 0 0 1 1 
21 12 14 3 21 6 3 10 15 18 10 9 9 21 18 15 15 18 6 12 3 1 25 18 6 9 3 25 6 25 6 26 14 26 21 21 25 25 1 15 1 15 25 9 25 15 1 14 12 9 30 15 15 6 14 21 18 12 1 15 1 6 21 12 12 12 10 1 10 10 21 21 12 18 25 9 10 21 15 10 21 8 14 18 3 18 18 8 21 6 3 25 18 12 18 10 3 3 26 14 9 18 18 26 3 30 18 12 29 29 15 15 3 12 12 26 25 25 25 25 6 9 26 14 9 1 6 10 1 30 1 12 25 6 9 15 8 6 21 18 1 9 21 15 9 26 26 6 3 6 
p31的运行结果如下：
14989
1 0 1 0 0 1 0 1 1 1 0 1 0 1 1 0 1 1 0 0 1 0 0 0 1 1 0 0 0 0 
21 12 14 3 21 6 3 10 15 18 10 17 9 21 18 15 15 18 6 12 3 1 6 18 6 9 3 25 6 25 6 26 14 26 21 21 25 25 1 15 1 15 25 9 25 15 1 14 12 9 6 15 15 6 14 21 18 12 12 15 1 6 21 12 12 12 10 1 10 10 21 21 12 18 25 9 10 21 15 10 21 8 14 18 18 18 3 8 21 6 3 25 18 12 18 10 3 3 26 17 9 18 18 26 3 26 18 12 15 9 15 3 3 12 12 26 25 25 25 25 6 9 26 14 17 1 6 25 1 26 1 12 25 26 9 15 8 6 21 18 1 9 21 15 9 26 26 6 3 6 
p32的运行结果如下：
19116
1 0 1 0 0 1 0 1 1 1 0 1 0 1 1 1 0 1 0 0 1 0 0 0 1 1 0 0 1 1 
21 12 14 3 21 6 3 10 15 18 25 9 9 21 18 15 15 18 6 12 3 1 25 18 6 9 3 25 6 25 6 26 14 26 21 21 25 16 1 15 1 15 16 29 25 15 8 14 12 9 30 15 15 6 14 21 18 12 12 15 1 6 21 12 12 12 10 1 10 10 21 21 12 18 25 9 10 21 15 25 21 8 14 18 18 18 18 8 21 6 3 25 18 12 18 10 3 3 26 14 9 18 18 26 3 30 8 12 29 29 15 15 3 12 12 26 25 25 25 25 6 9 26 14 9 1 6 10 1 26 1 12 25 6 9 15 8 6 21 18 1 9 21 15 9 26 26 6 3 6 
p33的运行结果如下：
14498
1 0 1 0 0 1 0 1 1 1 0 1 0 1 1 1 0 1 0 0 1 0 0 0 0 1 0 0 0 1 
21 12 14 3 21 6 3 10 15 18 10 9 9 21 18 15 15 18 26 12 3 1 6 18 6 9 3 6 6 10 30 26 14 26 21 21 6 16 1 15 1 15 16 9 6 15 1 14 12 9 30 15 15 6 21 21 18 12 12 15 1 6 21 12 12 12 10 1 10 10 21 21 12 18 10 9 10 21 15 10 21 8 14 18 18 18 18 8 21 6 3 10 18 12 18 10 3 3 26 14 9 18 18 26 3 30 18 12 15 9 15 15 3 12 12 26 6 16 6 6 6 9 26 14 9 1 6 10 1 30 1 12 6 6 9 15 18 6 21 18 1 9 21 15 9 26 26 6 3 6 
p34的运行结果如下：
12765
1 0 1 0 0 1 0 1 1 1 0 1 0 1 1 0 1 1 0 0 1 0 0 0 1 1 0 1 0 1 
21 12 21 3 21 6 3 25 15 18 25 17 9 21 18 15 15 18 6 12 3 1 6 18 6 9 3 25 6 25 6 26 21 26 21 21 25 25 1 15 1 15 25 9 25 15 8 14 28 9 30 15 15 6 14 21 18 28 12 15 1 6 21 12 12 12 25 1 10 25 21 21 12 18 25 9 10 21 15 25 21 8 21 18 18 18 18 8 21 6 3 25 18 12 18 10 3 3 26 17 9 18 18 26 3 30 18 12 15 9 15 15 3 12 12 26 25 25 25 25 6 9 26 14 17 1 6 25 1 26 1 12 25 6 9 15 18 6 21 18 1 9 21 15 9 26 26 6 3 6 
p35的运行结果如下：
14971
1 0 1 0 0 1 0 1 1 0 0 1 0 1 1 0 1 1 0 0 1 0 1 0 1 1 0 0 0 0 
21 12 14 3 21 6 3 25 15 18 23 17 9 21 18 15 15 18 6 12 3 1 6 18 6 9 3 25 6 25 6 26 21 26 21 21 25 25 1 15 1 15 25 9 25 15 1 14 12 9 6 15 15 6 14 21 18 12 12 15 1 6 21 12 12 12 25 1 23 23 21 21 12 18 25 9 23 21 15 25 21 8 14 18 18 18 18 8 21 6 3 25 18 12 18 25 3 3 26 17 9 18 18 26 3 26 18 12 15 9 15 15 3 12 12 26 25 25 25 25 6 9 26 14 17 1 6 25 1 26 1 12 25 6 9 15 8 6 21 18 1 9 21 15 9 26 26 6 3 6 
p36的运行结果如下：
15688
1 0 1 0 0 1 0 0 1 0 0 1 0 1 1 0 0 1 0 0 1 0 0 0 1 1 0 0 0 0 
21 12 21 3 21 6 3 25 15 18 6 9 9 21 18 15 15 18 6 12 3 1 6 18 6 9 3 25 6 25 6 26 14 26 21 21 25 25 1 15 1 15 25 9 25 15 1 14 12 9 6 15 15 6 21 21 18 12 12 15 1 6 21 12 12 12 25 1 25 6 21 21 12 18 25 9 25 21 15 25 21 1 14 18 18 18 18 1 21 6 3 25 18 12 18 6 3 3 26 21 9 18 18 26 3 26 18 12 15 9 15 15 3 12 12 26 25 25 25 25 6 9 26 14 9 12 6 25 1 26 1 12 25 6 9 15 18 6 21 18 1 9 21 15 9 26 26 6 3 6 
p37的运行结果如下：
14450
1 0 1 0 0 1 0 1 0 1 0 1 0 1 1 0 0 1 0 0 1 0 0 0 1 1 0 1 1 0 
21 12 21 3 21 6 3 25 15 18 25 21 29 21 18 15 15 18 6 12 3 1 6 18 6 21 3 25 6 25 6 26 21 26 21 21 25 25 8 15 1 15 25 29 25 15 1 14 28 29 6 15 15 6 21 21 18 12 12 15 1 6 21 12 12 12 10 1 10 10 21 21 12 18 25 21 25 21 15 25 21 8 21 18 18 18 18 8 21 6 3 25 18 12 18 25 3 3 26 14 29 18 18 26 3 26 18 12 15 29 15 15 3 12 12 26 25 25 25 25 6 29 26 14 21 1 6 25 1 26 1 28 25 6 29 15 18 6 21 18 1 29 21 15 21 26 26 6 3 6 
p38的运行结果如下：
12131
1 0 1 0 0 1 0 1 1 1 0 1 0 1 1 1 0 1 0 0 1 0 0 0 1 1 0 0 0 0 
21 12 21 3 21 6 3 10 15 18 25 9 9 21 18 15 15 18 6 12 3 1 6 18 6 9 3 25 6 25 6 26 14 26 21 21 25 16 1 15 1 15 16 9 25 15 8 14 12 9 6 15 15 6 21 21 18 12 12 15 1 6 21 12 12 12 25 1 25 10 21 21 12 18 25 9 10 21 15 25 21 8 21 18 18 18 18 8 21 6 3 25 18 12 18 10 3 3 26 21 9 18 18 26 3 26 18 12 15 9 15 15 3 12 12 26 25 25 25 25 6 9 26 14 9 1 6 10 1 26 1 12 25 6 9 15 18 6 21 18 1 9 21 15 9 26 26 6 3 6 
p39的运行结果如下：
14472
1 0 1 0 0 1 0 1 1 0 0 1 0 1 1 0 0 1 0 0 1 0 0 0 1 1 0 0 0 1 
21 12 14 3 21 6 3 25 15 18 25 9 9 21 18 15 15 18 6 12 3 1 6 18 6 9 3 25 6 25 6 26 21 26 21 21 25 25 1 15 1 15 25 9 25 15 1 14 12 9 30 15 15 6 14 21 18 12 12 15 1 6 21 12 12 12 25 1 25 25 21 21 12 18 25 9 25 21 15 25 21 8 14 18 18 18 18 8 21 6 3 25 18 12 18 25 3 3 26 21 9 18 18 26 3 30 18 12 15 9 15 15 3 12 12 26 25 25 25 25 6 9 26 14 9 1 6 25 1 30 1 12 25 6 9 15 8 6 21 18 1 9 21 15 9 26 26 6 3 6 
p40的运行结果如下：
16380
1 0 1 0 0 1 0 1 1 0 0 1 0 1 1 0 0 1 0 0 1 0 0 0 1 1 0 0 0 0 
21 12 21 3 21 6 3 25 15 18 6 9 9 21 18 15 15 18 6 12 3 1 6 18 6 9 3 25 6 25 6 26 14 26 21 21 25 25 1 15 1 15 25 9 25 15 8 14 12 9 6 15 15 6 21 21 18 12 1 15 1 6 21 12 12 12 25 1 6 25 21 21 12 18 25 9 25 21 15 25 21 8 14 18 18 18 18 8 21 6 3 25 18 12 18 6 3 3 26 21 9 18 18 26 3 26 18 12 15 9 15 15 3 12 12 26 25 25 25 25 6 9 26 14 9 1 6 25 1 26 1 12 25 6 9 15 18 6 21 18 1 9 21 15 9 26 26 6 3 6 
p41的运行结果如下：
6934
1 0 1 1 1 1 1 1 0 1 
6 7 5 7 8 8 4 8 6 4 5 7 3 7 3 8 8 4 1 7 7 7 5 5 7 6 6 5 6 6 6 1 1 1 4 3 3 7 7 3 3 8 4 4 4 6 1 6 7 5 5 7 7 7 10 8 3 4 4 4 1 1 7 6 1 7 7 7 5 5 1 5 5 1 8 8 10 3 10 6 8 3 3 10 10 8 10 10 8 10 
p42的运行结果如下：
7422
1 1 1 0 1 1 1 0 1 0 1 0 1 0 1 0 0 0 1 1 
13 11 5 6 20 19 1 5 3 2 9 19 7 11 7 1 1 3 15 15 6 5 6 9 13 9 5 13 3 5 2 20 7 9 15 11 11 1 1 2 2 13 3 13 6 15 9 20 1 20 2 2 2 5 3 6 3 15 15 15 13 13 5 5 5 5 1 1 20 7 11 19 20 20 20 19 19 20 20 20 
p43的运行结果如下：
7316
0 1 0 0 0 1 0 1 0 1 0 1 1 1 0 0 0 0 0 1 0 1 1 0 1 1 0 0 1 0 
13 20 12 25 26 23 26 22 2 6 25 2 14 10 13 12 22 12 13 8 26 10 23 23 23 14 29 13 29 6 6 25 14 14 20 23 8 8 22 12 13 13 29 25 6 26 10 23 10 12 22 8 10 13 13 12 20 23 14 6 6 29 2 6 29 29 2 2 29 29 
p44的运行结果如下：
7146
1 1 1 1 1 1 1 1 1 1 
5 5 5 5 5 5 5 5 7 1 1 1 1 1 1 1 2 2 2 2 2 8 2 3 3 3 3 3 3 3 3 4 4 4 4 4 4 4 4 4 5 1 2 9 3 9 8 6 10 8 8 7 6 6 9 9 8 8 10 6 6 6 10 4 1 7 7 9 7 6 5 8 10 8 8 9 7 7 6 9 8 10 10 10 10 10 7 6 8 6 
p45的运行结果如下：
7650
1 1 1 0 1 1 1 0 1 0 1 1 0 1 1 0 0 1 1 0 
1 1 1 1 1 1 1 2 2 2 2 7 7 7 7 3 3 3 3 3 3 5 5 5 5 5 5 5 5 6 6 6 6 6 6 6 6 6 1 1 3 3 12 9 19 15 19 14 19 6 9 14 12 19 19 19 15 7 11 11 3 3 1 18 14 14 9 12 11 11 19 3 14 18 15 18 9 15 11 14 
p46的运行结果如下：
7324
1 1 1 0 0 0 1 0 1 0 1 0 1 0 1 0 1 0 1 0 0 0 0 0 0 0 1 1 1 0 
11 1 11 11 11 1 11 13 2 2 2 2 2 2 2 3 3 3 3 3 3 7 7 7 7 7 7 9 9 9 9 17 17 9 11 3 3 7 15 29 29 19 3 29 15 15 19 28 17 29 17 28 28 1 3 27 17 19 19 15 13 13 29 19 27 28 15 28 13 19 
p47的运行结果如下：
6351
1 1 1 1 1 1 1 1 1 1 
1 1 1 1 1 1 1 1 3 3 2 3 2 2 2 2 2 3 3 3 3 3 3 3 3 3 3 4 4 4 4 4 4 4 4 5 5 5 5 5 5 5 5 5 5 5 5 6 6 6 6 6 6 6 7 7 7 7 7 7 7 7 8 8 7 8 7 1 8 8 8 8 8 8 9 9 9 9 9 7 7 7 10 10 1 10 10 9 10 1 
p48的运行结果如下：
6830
1 1 0 1 1 1 1 0 1 1 0 0 1 1 0 1 0 1 0 1 
1 1 1 1 2 1 2 2 2 4 4 4 4 4 4 5 5 5 6 6 6 6 6 6 7 7 7 7 7 7 7 9 9 9 10 10 9 10 10 10 10 10 13 13 13 9 13 9 14 14 13 14 14 14 14 16 16 13 16 14 1 16 16 16 16 18 18 18 18 18 18 18 18 20 20 20 20 20 20 20 
p49的运行结果如下：
7339
0 1 1 0 0 0 0 0 0 1 1 0 0 1 1 1 0 0 0 0 1 0 0 0 1 0 1 1 0 0 
2 2 2 3 2 3 3 3 3 3 3 3 3 15 15 3 15 15 3 3 10 11 10 11 10 11 11 14 14 15 14 14 14 15 16 16 14 14 14 14 14 14 21 21 21 21 21 21 25 21 25 21 2 25 25 25 25 25 25 27 27 27 27 27 28 28 28 28 28 28 
p50的运行结果如下：
9611
1 1 1 1 1 1 1 1 0 1 
4 7 4 1 3 3 6 6 4 8 8 5 7 10 7 3 3 3 6 4 7 1 1 5 1 7 8 5 5 8 8 8 4 4 4 6 3 10 1 7 7 2 10 2 6 6 6 6 6 4 4 6 7 1 1 1 7 7 2 3 3 8 8 8 4 4 1 5 8 8 4 1 7 7 1 5 5 4 4 5 4 6 3 3 10 10 10 8 3 8 3 2 2 3 2 3 2 2 3 2 
p51的运行结果如下：
8809
1 1 0 1 0 1 0 0 0 0 1 0 0 1 1 1 1 0 1 1 
16 1 20 11 14 19 6 17 16 2 6 4 14 14 1 14 17 17 6 16 1 1 11 15 15 15 2 4 20 16 2 2 20 20 16 6 19 14 11 1 1 14 14 14 17 6 6 6 6 16 16 6 1 15 15 11 1 1 14 17 14 6 2 6 16 16 11 4 2 2 16 1 1 1 11 20 20 20 20 4 20 6 17 17 14 14 19 6 17 2 19 19 19 19 19 19 19 19 19 14 
p52的运行结果如下：
9480
0 1 0 1 1 1 1 1 1 1 
8 8 8 8 8 8 8 8 4 5 5 5 4 5 5 5 5 6 9 9 9 9 9 4 4 10 10 10 10 10 10 10 10 6 7 7 7 7 7 7 7 7 7 7 8 8 5 9 4 6 6 4 5 7 8 6 4 4 4 5 7 6 6 6 4 4 6 7 5 8 7 7 5 4 4 6 4 5 8 2 7 4 4 6 6 4 4 8 6 4 6 6 2 2 6 2 4 5 4 8 
p53的运行结果如下：
10550
0 1 1 1 0 1 1 1 0 1 0 0 1 1 0 1 0 1 1 1 
6 6 6 6 6 6 6 6 20 20 20 8 8 8 8 8 8 13 13 14 13 14 13 14 4 10 10 10 10 10 10 16 16 10 19 19 19 19 19 19 19 19 19 19 6 6 8 14 14 10 16 4 8 19 6 16 4 4 2 7 19 3 16 14 4 14 3 6 7 6 18 19 7 4 4 16 4 7 7 3 19 20 14 16 16 4 2 7 16 4 16 3 18 18 3 18 2 7 2 6 
p54的运行结果如下：
9739
1 1 1 1 1 1 1 1 1 1 
8 8 8 8 8 8 8 3 3 3 3 3 3 3 3 3 3 3 3 2 2 2 2 4 2 2 4 4 4 4 4 4 4 4 4 4 4 4 4 7 7 9 9 7 9 9 9 9 9 9 9 4 7 7 7 7 7 7 7 7 7 6 6 7 6 6 6 7 7 1 1 7 1 6 8 1 1 1 1 1 1 1 1 5 5 5 5 5 5 5 5 5 10 10 10 10 10 5 3 3 
p55的运行结果如下：
9186
1 0 1 0 1 0 1 1 1 1 0 1 1 1 0 1 0 0 1 0 
19 19 5 19 5 5 5 5 5 5 9 9 3 9 9 9 3 3 3 7 13 13 3 7 13 7 13 13 7 7 7 7 7 7 7 7 7 7 7 8 8 8 1 8 1 1 1 1 1 1 1 1 8 8 8 8 8 8 8 8 12 12 12 12 12 12 12 8 12 10 10 12 10 12 19 14 10 14 10 10 14 16 16 16 16 16 16 16 16 16 16 19 19 19 19 19 19 19 19 19 
p56的运行结果如下：
23214
1 1 1 1 1 1 1 0 1 1 1 1 1 1 0 1 1 1 1 1 1 1 1 1 1 1 0 1 1 1 
19 20 22 28 3 13 16 28 23 29 5 29 14 2 29 19 2 21 23 1 19 17 6 25 11 19 28 20 30 3 20 20 5 17 28 7 21 9 25 17 19 10 7 5 9 20 14 22 20 21 25 17 25 17 9 7 12 10 19 26 30 1 19 9 14 12 6 18 29 26 19 13 20 10 24 24 21 24 9 17 11 1 10 26 30 14 7 6 28 26 29 7 26 26 3 4 29 7 1 29 29 16 26 19 5 1 5 25 23 4 20 5 28 13 13 9 29 26 18 9 10 12 18 20 10 17 3 12 20 18 29 25 26 21 24 10 4 4 29 11 13 23 12 12 26 6 25 16 28 26 25 18 24 1 9 12 3 16 4 14 14 28 11 25 6 28 6 5 4 22 2 21 20 11 5 3 1 11 30 11 6 22 3 20 13 9 29 24 1 22 3 22 7 5 26 13 26 16 11 20 
p57的运行结果如下：
31333
1 0 1 1 1 0 1 1 1 1 1 1 1 1 1 1 1 1 1 1 1 1 1 1 1 1 1 1 1 0 
19 20 22 28 3 13 16 28 23 29 5 29 14 14 29 19 4 21 23 1 19 17 24 25 11 19 28 20 5 3 20 20 5 17 28 7 21 9 25 17 19 10 7 5 9 20 14 22 20 15 25 17 25 17 9 7 12 10 19 8 5 1 8 9 14 12 24 15 29 26 19 13 20 10 24 24 21 24 9 17 11 1 10 26 5 14 7 3 28 8 29 7 26 26 3 4 12 7 1 29 29 16 26 19 5 1 5 25 23 4 20 5 28 13 13 9 29 8 18 9 27 12 18 20 27 17 3 12 27 18 29 25 26 21 24 10 4 4 29 11 13 23 12 26 26 3 25 16 28 26 25 18 24 1 9 12 3 16 4 14 14 28 11 3 24 28 24 5 4 22 24 21 20 15 27 3 1 11 5 11 3 22 3 20 13 9 29 24 1 22 3 22 7 5 8 13 8 16 11 20 
p58的运行结果如下：
46654
1 0 1 1 1 1 1 0 1 0 1 1 1 1 0 0 1 1 1 1 1 1 1 1 1 1 1 1 1 0 
19 20 22 28 3 13 22 28 23 29 5 29 14 14 29 19 4 21 23 1 19 17 6 25 11 19 28 20 5 3 20 20 5 17 28 7 21 9 25 17 19 9 7 5 9 20 14 22 20 21 25 17 25 17 9 7 12 9 19 26 5 1 19 9 14 12 6 18 29 26 19 13 20 9 24 24 21 24 9 17 11 1 27 26 5 14 7 6 28 26 29 7 26 26 3 4 12 7 1 29 29 22 26 26 5 1 5 25 23 4 20 5 28 13 13 9 29 26 18 9 27 12 18 20 27 17 3 12 27 18 29 25 12 21 24 9 4 4 29 11 13 23 12 12 26 6 25 22 28 26 25 18 24 1 9 12 3 22 4 14 14 28 11 25 6 28 6 5 4 22 6 21 20 11 27 3 1 11 5 11 6 22 3 20 13 9 29 24 1 22 3 22 7 5 26 13 26 22 11 20 
p59的运行结果如下：
36364
1 1 1 1 1 1 1 1 1 1 1 1 1 0 0 0 1 1 1 1 1 1 0 1 1 1 1 1 1 1 
19 20 22 28 3 13 22 28 19 29 5 29 11 2 29 19 2 21 28 1 19 17 6 25 11 19 28 20 30 22 20 20 5 17 28 7 21 9 25 17 19 10 7 27 9 20 4 22 20 21 25 17 25 17 9 7 12 10 19 26 30 1 8 9 4 12 6 18 29 26 19 13 20 10 24 24 21 24 9 17 11 1 10 26 30 11 7 6 28 8 29 7 8 26 3 4 12 7 1 29 29 22 26 19 5 1 5 25 17 4 20 5 28 13 13 9 29 8 18 9 27 12 18 20 27 17 3 12 27 18 29 25 26 21 24 10 4 4 29 11 13 28 13 12 26 6 25 22 28 26 25 18 24 1 9 12 3 17 4 4 2 28 11 25 6 28 6 5 4 22 6 21 20 11 27 3 1 11 30 11 6 22 3 20 13 9 29 24 1 22 3 22 7 5 8 13 8 22 11 20 
p60的运行结果如下：
23593
1 1 1 1 1 1 1 1 1 1 1 1 1 1 1 1 1 0 1 1 1 1 1 1 1 1 1 1 1 1 
19 20 3 28 3 13 16 28 23 29 5 29 14 2 29 19 2 21 23 1 19 17 6 25 11 19 28 20 30 3 20 20 5 17 28 7 21 9 25 17 19 10 7 27 9 20 14 22 20 15 25 17 25 17 9 7 12 10 19 26 30 1 8 9 14 12 6 15 29 26 19 13 20 10 24 24 21 24 9 17 11 1 10 26 30 14 7 6 28 8 29 7 26 26 1 4 12 7 1 29 29 16 26 19 5 1 5 25 23 4 20 5 28 13 13 9 29 8 15 9 27 12 29 20 27 17 3 12 27 1 29 25 12 21 24 10 4 4 29 11 13 23 12 12 26 6 25 16 28 26 25 1 24 1 9 12 3 16 4 14 14 28 11 25 6 28 6 5 4 22 2 21 20 15 27 3 1 11 30 11 6 22 3 20 13 9 29 24 1 22 3 22 7 5 8 13 8 16 11 20 
p61的运行结果如下：
31233
1 0 1 0 1 1 1 1 1 0 1 1 1 1 1 1 1 1 1 1 1 1 1 1 1 1 1 0 1 1 
19 20 22 23 3 13 16 29 23 29 5 29 14 14 29 19 14 21 23 1 19 17 6 25 11 19 25 20 30 3 20 20 5 17 29 7 21 9 25 17 19 9 7 5 9 20 14 22 20 15 25 17 25 17 9 7 12 9 19 8 5 1 8 9 14 12 6 15 29 26 19 13 20 9 24 24 21 24 9 17 11 1 27 26 30 14 7 6 25 8 29 7 26 26 3 14 12 7 1 29 29 16 26 19 5 1 5 25 23 14 20 5 19 13 13 9 29 8 18 9 27 12 18 20 27 17 3 12 27 18 29 25 26 21 24 9 14 14 29 11 13 23 12 12 26 6 25 16 19 26 25 18 24 1 9 12 3 16 14 14 14 1 11 25 6 25 6 5 14 22 6 21 20 15 27 3 1 11 30 11 6 22 3 20 13 9 29 24 1 22 3 22 7 5 8 13 8 16 11 20 
p62的运行结果如下：
49324
1 0 1 1 0 1 1 0 0 1 1 1 1 1 1 1 1 1 1 1 1 1 1 1 1 1 1 1 1 1 
19 20 22 28 3 13 16 28 23 29 30 29 14 14 29 19 4 21 23 1 19 17 6 25 11 19 28 20 30 3 20 20 27 17 28 7 21 10 25 17 19 10 7 27 21 20 14 22 20 15 25 17 25 17 21 7 12 10 19 26 30 1 19 21 14 12 6 15 29 26 19 13 20 10 24 24 21 24 21 17 11 1 10 26 30 14 7 6 28 26 29 7 26 26 3 4 12 7 1 29 29 16 26 19 30 1 30 25 23 4 20 30 28 13 13 21 29 26 18 21 27 12 18 20 27 17 3 12 27 18 29 25 26 21 24 10 4 4 29 11 13 23 12 26 26 6 25 16 28 26 25 18 24 1 21 12 3 16 4 14 14 28 11 25 6 28 6 30 4 22 6 21 20 15 27 3 1 11 30 11 6 16 3 20 13 10 29 24 1 22 3 22 7 30 26 13 26 22 11 20 
p63的运行结果如下：
36539
1 0 1 1 1 1 1 1 1 0 1 1 1 1 1 1 1 0 1 1 1 1 1 1 1 1 1 1 1 1 
19 20 22 28 3 13 16 28 23 29 5 29 14 14 29 19 4 21 23 1 19 17 6 25 11 19 28 20 30 3 20 20 5 17 28 7 21 9 25 17 19 9 7 5 9 20 14 22 20 15 25 17 25 17 9 7 12 9 19 26 30 1 8 9 14 12 6 15 29 26 19 13 20 9 24 24 21 24 9 17 11 1 27 26 30 14 7 6 28 8 29 7 26 26 3 4 12 7 1 29 29 16 26 19 5 1 5 25 23 4 20 5 28 13 13 9 29 8 15 9 27 12 29 20 27 17 3 12 27 1 29 25 26 21 24 9 4 4 29 11 13 23 12 12 26 6 25 16 28 26 25 1 24 1 9 12 3 16 4 14 14 28 11 25 6 28 6 5 4 22 6 21 20 15 27 3 1 11 30 11 6 22 3 20 13 9 29 24 1 22 3 22 7 5 8 13 8 16 11 20 
p64的运行结果如下：
23325
1 0 1 1 1 1 1 1 1 1 1 1 1 1 1 1 1 1 1 1 1 1 0 1 1 1 1 1 1 0 
19 20 22 28 3 13 16 28 19 29 5 29 14 14 29 19 4 21 28 1 19 17 6 25 11 19 28 20 5 3 20 20 5 17 28 7 21 9 25 16 19 10 7 5 9 20 14 22 20 15 25 17 25 17 9 7 12 10 19 8 5 1 8 9 14 12 6 15 29 26 19 13 20 10 24 24 21 24 9 17 11 1 10 26 5 14 7 6 28 8 29 7 26 26 3 4 12 7 1 29 29 16 26 19 5 1 5 25 28 4 20 5 28 13 13 9 29 8 18 9 27 12 18 20 27 17 3 12 27 18 29 25 26 21 24 10 4 4 29 11 13 28 12 12 26 6 25 16 28 26 25 18 24 1 9 12 3 16 4 14 14 28 11 25 6 28 6 5 4 22 6 21 20 15 27 3 1 11 5 11 6 22 3 20 13 9 29 24 1 22 3 22 7 5 8 13 8 16 11 20 
p65的运行结果如下：
31017
1 1 1 0 1 1 1 1 1 1 1 1 0 1 1 1 1 1 1 1 1 1 1 1 1 1 0 1 1 0 
19 20 22 28 3 12 16 28 23 29 5 29 14 2 29 19 2 21 23 1 19 17 6 25 11 19 28 20 5 3 20 20 5 17 28 7 21 9 25 17 19 10 7 5 9 20 14 22 20 15 25 17 25 17 9 7 12 10 19 8 5 1 8 9 14 12 6 15 29 26 19 7 20 10 24 24 21 24 9 17 11 1 10 26 5 14 7 6 28 8 29 7 26 26 3 14 12 7 1 29 29 16 26 19 5 1 5 25 23 14 20 5 28 7 12 9 29 8 18 9 10 12 18 20 5 17 3 12 20 18 29 25 26 21 24 10 2 14 29 11 12 23 12 12 26 6 25 16 28 26 25 18 24 1 9 12 3 16 14 14 14 28 11 25 6 28 6 5 2 22 2 21 20 15 5 3 1 11 5 11 6 22 3 20 12 9 29 24 1 22 3 22 7 5 8 7 8 22 11 20 
p66的运行结果如下：
45862
1 0 1 0 0 1 1 0 1 1 1 1 1 1 0 0 1 1 1 1 1 1 1 1 1 1 1 0 1 1 
19 20 22 23 3 13 22 29 23 29 30 29 14 14 29 19 14 21 23 1 19 17 6 25 11 19 25 20 30 3 20 20 27 17 29 7 21 9 25 17 19 10 7 27 9 20 14 22 20 21 25 17 25 17 9 7 12 10 19 26 30 1 26 9 14 12 6 18 29 26 19 13 20 10 24 24 21 24 9 17 11 1 10 26 30 14 7 6 25 26 29 7 26 26 3 14 12 7 1 29 29 22 26 19 30 1 30 25 23 14 20 30 19 13 13 9 29 26 18 9 27 12 18 20 27 17 3 12 27 18 29 25 26 21 24 10 14 14 29 11 13 23 12 12 26 6 25 22 19 26 25 18 24 1 9 12 3 17 14 14 14 1 11 25 6 25 6 30 14 22 6 21 20 11 27 3 1 11 30 11 6 22 3 20 13 9 29 24 1 22 3 22 7 30 26 13 26 22 11 20 
p67的运行结果如下：
35812
1 1 1 1 1 1 1 1 1 0 1 1 1 1 1 0 0 1 1 1 1 1 1 0 1 1 0 1 1 1 
19 20 22 23 3 13 22 28 23 29 5 29 14 2 29 19 2 21 23 1 19 25 6 25 11 19 28 20 30 3 20 20 5 22 28 7 21 9 25 22 19 9 7 5 9 20 14 22 20 15 25 25 25 22 9 7 12 9 19 26 30 1 8 9 14 12 6 15 29 26 8 13 20 21 6 11 21 11 9 25 11 1 9 26 30 14 20 6 28 8 29 7 26 26 3 4 28 7 1 29 29 22 26 19 5 1 5 25 23 4 20 5 28 13 13 9 29 8 18 9 15 12 18 20 5 22 3 12 20 18 29 25 26 21 2 9 4 4 29 11 13 23 12 12 26 6 25 22 28 26 25 18 11 1 9 12 3 22 4 14 14 28 11 25 6 28 6 5 4 22 2 21 20 15 5 3 1 11 30 11 6 22 3 20 13 9 29 11 1 22 3 22 7 5 8 13 8 22 11 20 
p68的运行结果如下：
23081
1 0 1 0 1 0 1 1 1 1 1 1 1 1 1 1 1 1 1 1 1 1 1 1 1 0 1 1 1 0 
19 20 22 28 3 13 16 28 23 29 5 29 14 14 29 19 14 21 23 28 19 17 24 25 11 19 28 20 5 3 20 20 5 17 28 7 21 9 25 17 19 10 7 5 9 20 14 22 20 15 25 17 25 17 9 7 12 10 19 8 5 1 8 9 14 12 24 15 29 13 19 13 7 10 24 24 21 24 9 17 11 1 10 8 5 14 7 3 28 8 29 7 8 12 3 14 12 7 1 29 29 16 13 19 5 1 5 25 23 14 20 5 28 13 13 9 29 8 18 9 27 12 18 20 27 17 3 12 27 18 29 25 12 21 24 10 14 14 29 11 13 23 12 12 12 3 25 16 28 8 25 18 24 1 9 12 3 16 14 14 14 28 11 25 24 28 24 5 14 22 24 21 20 15 27 3 1 11 5 11 3 22 3 20 13 9 29 24 1 22 3 22 7 5 8 13 8 16 11 20 
p69的运行结果如下：
30867
1 0 1 1 1 1 1 0 1 1 1 1 1 1 1 0 1 1 1 1 1 1 1 1 1 1 1 1 1 0 
19 20 22 28 3 13 22 28 23 29 5 29 14 14 29 19 4 21 23 1 19 17 6 25 11 28 28 20 5 3 20 20 5 17 28 7 21 9 25 17 19 10 7 5 9 20 14 22 20 15 25 17 25 22 9 7 12 10 19 26 5 1 19 9 14 12 6 15 29 26 19 13 20 10 24 24 21 24 9 17 11 1 10 26 5 14 7 6 28 26 29 7 26 26 3 4 12 7 1 29 29 22 26 19 5 1 5 25 23 4 20 5 28 13 13 9 29 26 18 9 27 12 18 20 27 17 3 12 27 18 29 25 26 21 24 10 4 4 29 11 13 23 12 12 26 6 25 22 28 26 25 18 24 1 9 12 3 17 4 14 14 28 11 25 6 28 6 5 4 22 6 21 20 15 27 3 1 11 5 11 6 22 3 20 13 9 29 24 1 22 3 22 7 5 26 13 26 22 11 20 
p70的运行结果如下：
47228
1 1 1 0 0 1 0 1 0 1 1 1 1 0 1 1 0 1 1 1 1 1 1 1 1 1 1 1 1 1 
19 20 22 28 3 13 16 28 23 29 30 29 11 2 29 19 2 21 23 1 19 22 6 25 11 19 25 20 30 3 20 20 27 22 28 13 21 10 25 16 19 10 13 27 21 20 21 22 20 15 25 25 3 22 21 13 12 10 19 26 30 1 8 21 21 12 6 15 29 26 19 13 20 10 24 24 21 24 21 25 11 1 10 26 30 11 20 6 28 8 29 20 26 26 3 2 12 13 1 29 29 16 26 19 30 1 30 25 23 2 20 30 28 13 13 21 29 8 18 21 27 12 18 20 27 22 3 12 27 18 29 25 26 21 24 10 2 2 29 11 13 23 12 12 26 6 25 16 28 26 25 18 24 1 21 12 3 16 21 2 2 28 11 25 6 28 6 30 2 22 2 21 20 15 27 3 1 11 30 11 6 22 3 20 13 10 29 24 1 22 3 22 20 30 8 13 8 16 11 20 
p71的运行结果如下：
36484
1 0 1 1 1 1 1 1 1 1 1 1 1 1 1 0 1 1 1 1 1 1 1 1 1 1 0 1 1 1 
19 20 22 28 3 13 22 28 23 29 5 29 14 14 29 19 4 21 23 1 19 17 6 25 11 19 28 20 30 3 20 20 5 17 28 7 21 9 25 17 19 10 7 5 9 20 14 22 20 15 25 17 25 17 9 7 12 10 23 26 30 1 8 9 14 12 6 15 29 26 19 13 20 10 24 24 21 24 9 17 11 1 10 26 30 14 7 6 28 8 29 7 26 26 3 4 12 7 1 29 29 22 26 19 5 1 5 25 23 4 20 5 28 13 13 9 29 8 18 9 10 12 18 20 10 17 3 12 20 18 29 25 26 21 24 10 4 4 29 11 13 23 12 12 26 6 25 22 28 26 25 18 24 1 9 12 3 17 4 14 14 28 11 25 6 28 6 5 4 22 6 21 20 15 5 3 1 11 30 11 6 22 3 20 13 9 29 24 1 22 3 22 7 5 8 13 8 22 11 20 
